1	 1.63321243862430387495e+00
2	 1.63764488489762594092e+00
3	 1.70686691413819247032e+00
4	 1.70742298979182849372e+00
5	 3.87395421495627934050e+00
6	 3.87597311807622846302e+00
7	 3.88851853047945672515e+00
8	 3.88953105576261037868e+00
9	 3.99592336268413328426e+00
10	 3.99839729617433015108e+00
11	 4.00597634989238926551e+00
12	 4.00600324176810929089e+00
13	 4.68949511273902164277e+00
14	 4.70059040770637803774e+00
15	 4.71007993536745228624e+00
16	 4.71045765119232839879e+00
17	 4.90217978038871660118e+00
18	 4.91341396342058622793e+00
19	 4.94118868648253695142e+00
20	 4.94233943274703513282e+00
21	 6.13543342730337926128e+00
22	 6.16122560395301377412e+00
23	 6.35926667400063028168e+00
24	 6.36296341248344266006e+00
25	 7.09355935401332349244e+00
26	 7.09621401116350725147e+00
27	 7.11643633275484432943e+00
28	 7.11893622774957002264e+00
29	 7.14194259657242369599e+00
30	 7.14367758311720635334e+00
31	 7.14510595312408280932e+00
32	 7.14992184271982633703e+00
33	 7.66601642363978807992e+00
34	 7.67266209972815715901e+00
35	 7.69753430996714360646e+00
36	 7.71389623832253867874e+00
37	 7.72006809758241896446e+00
38	 7.72766000496487226457e+00
39	 7.74290657841225460345e+00
40	 7.75779355470653797511e+00
41	 7.76484597918905716796e+00
42	 7.77434945193918913731e+00
43	 7.85791506264232797463e+00
44	 7.86180695105117344212e+00
45	 7.87048423182119449848e+00
46	 7.88441414982032107162e+00
47	 8.01141572378175403912e+00
48	 8.02701590408842768909e+00
49	 8.09089261707010543034e+00
50	 8.12131470894707341301e+00
51	 8.18939740495453172286e+00
52	 8.19034686379428045200e+00
53	 8.41832457602679973263e+00
54	 8.41877225483526991923e+00
55	 8.43700652769101289152e+00
56	 8.44173341840613744580e+00
57	 8.59804198564894406331e+00
58	 8.60093294789053963711e+00
59	 8.64007546801334669340e+00
60	 8.64212085116955108788e+00
61	 8.68754849815177365713e+00
62	 8.69637460044899945899e+00
63	 8.72350668558848241219e+00
64	 8.73166057020243790987e+00
65	 8.80711183442358702678e+00
66	 8.81717420146126684699e+00
67	 8.83398931945460752502e+00
68	 8.83960664572018295360e+00
69	 9.95265576742599655802e+00
70	 9.95568524968345869297e+00
71	 9.96000456194856020886e+00
72	 9.96215682727561535614e+00
73	 9.96698690248623009325e+00
74	 9.97260310119032844511e+00
75	 9.97990464132502985706e+00
76	 9.98240002711228413546e+00
77	 9.98935248735199188275e+00
78	 1.00349528553029045952e+01
79	 1.00784108557809215512e+01
80	 1.00823387415180700799e+01
81	 1.02492383314177892828e+01
82	 1.03090866253336415070e+01
83	 1.03327589323608659555e+01
84	 1.03496854938634417209e+01
85	 1.03696975484252682520e+01
86	 1.03707315855703203766e+01
87	 1.03744331799690705509e+01
88	 1.03840687925097547861e+01
89	 1.04578801860044432459e+01
90	 1.04626384894294464090e+01
91	 1.05126988038999389374e+01
92	 1.05177196487524202695e+01
93	 1.08056928760281092394e+01
94	 1.08105407460243547746e+01
95	 1.08151014229673361200e+01
96	 1.08270235869496946890e+01
97	 1.08324688536492867996e+01
98	 1.08660995995644977796e+01
99	 1.09160046654367661745e+01
100	 1.09295854326847798887e+01
101	 1.09510857690321330438e+01
102	 1.09530357480091264932e+01
103	 1.09564723004340223156e+01
104	 1.09743129708708533343e+01
105	 1.09843379348144694063e+01
106	 1.09904071265038538741e+01
107	 1.10196815329552606499e+01
108	 1.10262740802284344710e+01
109	 1.10685374064902131153e+01
110	 1.10814735233077872323e+01
111	 1.11003417999045979059e+01
112	 1.11034891773046062724e+01
113	 1.11131051444510688953e+01
114	 1.11149337875046327895e+01
115	 1.11301729833446021445e+01
116	 1.11351461361948835815e+01
117	 1.11358277749766116926e+01
118	 1.11417417653392831767e+01
119	 1.11799308949349267550e+01
120	 1.11894089618176053591e+01
121	 1.11990705022574594807e+01
122	 1.12127533984156926294e+01
123	 1.13101620807158500526e+01
124	 1.13211322751893472827e+01
125	 1.13221299193217515011e+01
126	 1.13311214171936214257e+01
127	 1.13374805916736018929e+01
128	 1.13599160141742974162e+01
129	 1.13634019315227394742e+01
130	 1.13861908726648284329e+01
131	 1.14856384645155120694e+01
132	 1.14989794811944658903e+01
133	 1.17366587548726339918e+01
134	 1.17548837820988207881e+01
135	 1.18247626458102104152e+01
136	 1.18792138335898904700e+01
137	 1.19207122401462921601e+01
138	 1.19310631262231279237e+01
139	 1.19405436128701154530e+01
140	 1.19455767178792680028e+01
141	 1.19993256797439311612e+01
142	 1.20004900481520930811e+01
143	 1.20612499805775392758e+01
144	 1.20966412097685349636e+01
145	 1.21234533971627165272e+01
146	 1.21320069989273360278e+01
147	 1.21482621177946299440e+01
148	 1.21658449262461605400e+01
149	 1.21860359397621476063e+01
150	 1.21860700989573302877e+01
151	 1.22025848963413405812e+01
152	 1.22070316912106147100e+01
153	 1.22820326532377279705e+01
154	 1.23124576925296427277e+01
155	 1.23208112605665984773e+01
156	 1.23476692068254720880e+01
157	 1.23657390145695202932e+01
158	 1.23707283441268458546e+01
159	 1.24305308770470972490e+01
160	 1.24314118653967895511e+01
161	 1.25829198221928812984e+01
162	 1.26340641355428946468e+01
163	 1.27210163660987856105e+01
164	 1.27264093643182008009e+01
165	 1.27605008463994593626e+01
166	 1.28092489211194564547e+01
167	 1.28244749166074409885e+01
168	 1.28320613318757352772e+01
169	 1.28471437076556647128e+01
170	 1.28838670219064610478e+01
171	 1.28932486454734736014e+01
172	 1.29652806512929039684e+01
173	 1.32589702767816248752e+01
174	 1.32790207073330819298e+01
175	 1.32804972864365549157e+01
176	 1.33014507883475161520e+01
177	 1.33117237453799166502e+01
178	 1.33129078331050632045e+01
179	 1.33206488481166882565e+01
180	 1.33373621832277784449e+01
181	 1.35129851429650482686e+01
182	 1.35161585878148873263e+01
183	 1.35662945050881571518e+01
184	 1.35709828798754319479e+01
185	 1.36296229212696839994e+01
186	 1.36769492166595885152e+01
187	 1.36822737044612292578e+01
188	 1.36876845090249510406e+01
189	 1.37004884008161216258e+01
190	 1.37041691741646296521e+01
191	 1.37089617971851929212e+01
192	 1.37181771015409967873e+01
193	 1.37551174606431949599e+01
194	 1.37601684143773290714e+01
195	 1.38105394283606432992e+01
196	 1.38419593498898869655e+01
197	 1.38495741563022658482e+01
198	 1.38586458711334454819e+01
199	 1.38930856964262403608e+01
200	 1.39059612211825935901e+01
201	 1.39103815339409866425e+01
202	 1.39247591048091265975e+01
203	 1.39335252225920154245e+01
204	 1.39786559786940340899e+01
205	 1.40807924319337498531e+01
206	 1.40817518951365183710e+01
207	 1.41141560094523743629e+01
208	 1.41367104143877462263e+01
209	 1.41385447780657980132e+01
210	 1.41654287514485766053e+01
211	 1.42322839839158650221e+01
212	 1.42370773487784312294e+01
213	 1.42971234098328814355e+01
214	 1.43024564052364429045e+01
215	 1.43046367307457575890e+01
216	 1.43049608470412312755e+01
217	 1.43117415536650636199e+01
218	 1.43201090046779562215e+01
219	 1.43220308128414117732e+01
220	 1.44448159933383024622e+01
221	 1.44977845442352766270e+01
222	 1.45091881782528719924e+01
223	 1.45314880213212909155e+01
224	 1.45337622575765728072e+01
225	 1.45592553960108688216e+01
226	 1.45678235633232997515e+01
227	 1.45746633958200479952e+01
228	 1.45969150181697475688e+01
229	 1.46249944246961440797e+01
230	 1.46311972335557172187e+01
231	 1.46413778640208196435e+01
232	 1.46594836777798160909e+01
233	 1.46834869820985236544e+01
234	 1.47898715409701058121e+01
235	 1.48802912220966589985e+01
236	 1.49231023242192915035e+01
237	 1.49557463579687617283e+01
238	 1.49849785408289317701e+01
239	 1.50067152010481823510e+01
240	 1.50119419953850421479e+01
241	 1.50397394420629595402e+01
242	 1.50638117678195850857e+01
243	 1.50968249353772279164e+01
244	 1.54157697527523289693e+01
245	 1.54294806771783807875e+01
246	 1.54567480562467558514e+01
247	 1.54681013118223908975e+01
248	 1.55139126852699416048e+01
249	 1.55192234022851351938e+01
250	 1.55355081257711642451e+01
