1	 8.75751033753557672767e-01
2	 7.24134107927299819352e-01
3	 6.12735261275581866158e-01
4	 5.67238246686773361915e-01
5	 5.21069565701740011754e-01
6	 4.92559311479295880432e-01
7	 4.65917412556927146294e-01
8	 4.45534989625142041625e-01
9	 4.27256579766043753654e-01
10	 4.11834850121832352077e-01
11	 3.97997315088893355295e-01
12	 3.85756218894275859643e-01
13	 3.74622518305787910453e-01
14	 3.64513056237281751759e-01
15	 3.55183211522406394600e-01
16	 3.46572069982488406570e-01
17	 3.38527205974682998679e-01
18	 3.31018033193512473122e-01
19	 3.23935210233346426723e-01
20	 3.17269326225593784052e-01
21	 3.10935350348245154173e-01
22	 3.04936615168880265081e-01
23	 2.99203798775234341978e-01
24	 2.93747397792776421266e-01
25	 2.88509183993763684839e-01
26	 2.83503431070760536503e-01
27	 2.78680217439459421147e-01
28	 2.74055595895818127072e-01
29	 2.69586122096381997082e-01
30	 2.65288465004859419505e-01
31	 2.61124382464389459546e-01
32	 2.57110492753287456225e-01
33	 2.53212825901115712313e-01
34	 2.49447577723272778671e-01
35	 2.45784347273220710184e-01
36	 2.42238712230438135720e-01
37	 2.38783293305292354525e-01
38	 2.35432959482238579607e-01
39	 2.32162916795892598776e-01
40	 2.28987297290498492686e-01
41	 2.25883537711392079483e-01
42	 2.22865041196421309611e-01
43	 2.19911182449650161042e-01
44	 2.17034664088419204653e-01
45	 2.14216554015671495348e-01
46	 2.11468893311214933828e-01
47	 2.08774236343777092051e-01
48	 2.06144006288785430758e-01
49	 2.03562067923532735714e-01
50	 2.01039271223170223912e-01
51	 1.98560640437474011932e-01
52	 1.96136496016017958244e-01
53	 1.93752891575983687833e-01
54	 1.91419659510996431617e-01
55	 1.89123770153141079753e-01
56	 1.86874606505299606374e-01
57	 1.84659957708464828041e-01
58	 1.82488792992189952091e-01
59	 1.80349634947381098904e-01
60	 1.78251071572630093165e-01
61	 1.76182284286561269271e-01
62	 1.74151509424082084898e-01
63	 1.72148521840575829955e-01
64	 1.70181232970220724932e-01
65	 1.68239953682141563096e-01
66	 1.66332294674439190585e-01
67	 1.64449052307043014354e-01
68	 1.62597558327419899893e-01
69	 1.60769050055203727156e-01
70	 1.58970599912094057160e-01
71	 1.57193846861689190408e-01
72	 1.55445621674388995137e-01
73	 1.53717930190672869006e-01
74	 1.52017377451012930534e-01
75	 1.50336305379802359639e-01
76	 1.48681107638132220528e-01
77	 1.47044434918815247748e-01
78	 1.45432482449790789758e-01
79	 1.43838185423829284515e-01
80	 1.42267552328520313631e-01
81	 1.40713781261267961709e-01
82	 1.39182704544616259179e-01
83	 1.37667763933003922672e-01
84	 1.36174625163659190896e-01
85	 1.34696956464494366212e-01
86	 1.33240265680572733675e-01
87	 1.31798432146082777905e-01
88	 1.30376813717694745032e-01
89	 1.28969487068527288720e-01
90	 1.27581667267769066632e-01
91	 1.26207615970492098567e-01
92	 1.24852412033351109488e-01
93	 1.23510490980770243352e-01
94	 1.22186801474130718459e-01
95	 1.20875942893437185455e-01
96	 1.19582739224937270595e-01
97	 1.18301944661553803950e-01
98	 1.17038263591122806972e-01
99	 1.15786596835773442082e-01
100	 1.14551533865826823955e-01
101	 1.13328114709296476348e-01
102	 1.12120818246228201587e-01
103	 1.10924816960926805876e-01
104	 1.09744483154098099176e-01
105	 1.08575115614232525774e-01
106	 1.07420983790415661141e-01
107	 1.06277507153593034350e-01
108	 1.05148855775044139382e-01
109	 1.04030564657711210863e-01
110	 1.02926707740941869584e-01
111	 1.01832930828412077107e-01
112	 1.00753214768479787411e-01
113	 9.96833118075817203874e-02
114	 9.86271125594864461750e-02
115	 9.75804716882251316212e-02
116	 9.65471922629110301806e-02
117	 9.55232276370910349250e-02
118	 9.45122958747225822007e-02
119	 9.35104455563474240565e-02
120	 9.25213121440550123609e-02
121	 9.15410362205779648548e-02
122	 9.05731729258363177371e-02
123	 8.96139518330670709068e-02
124	 8.86668499273428056817e-02
125	 8.77281829520929479216e-02
126	 8.68013518024502300774e-02
127	 8.58827557438703037551e-02
128	 8.49757215528989945375e-02
129	 8.40767295239837758603e-02
130	 8.31890342007659266965e-02
131	 8.23091945537191144178e-02
132	 8.14403947006123313246e-02
133	 8.05792700617075224878e-02
134	 7.97289360635438648650e-02
135	 7.88861024648329633990e-02
136	 7.80538176687204515725e-02
137	 7.72288637654404697130e-02
138	 7.64142237407653274195e-02
139	 7.56067501046229079043e-02
140	 7.48093619740778648097e-02
141	 7.40189804537516177207e-02
142	 7.32384622873074597749e-02
143	 7.24647954285354556347e-02
144	 7.17007756932257489524e-02
145	 7.09434562117444156293e-02
146	 7.01955732709768076560e-02
147	 6.94542435723757844990e-02
148	 6.87221452292229445513e-02
149	 6.79964569704760574131e-02
150	 6.72798000500531845347e-02
151	 6.65694137381029893419e-02
152	 6.58678637047124815318e-02
153	 6.51724483280293753751e-02
154	 6.44856789332612506671e-02
155	 6.38049116227740048535e-02
156	 6.31326045811943931119e-02
157	 6.24661702974122143295e-02
158	 6.18080149868691086645e-02
159	 6.11556062303846570405e-02
160	 6.05112994143015281434e-02
161	 5.98726159571932523007e-02
162	 5.92418615265323661445e-02
163	 5.86166101624715288332e-02
164	 5.79991188953134159667e-02
165	 5.73870132064353277723e-02
166	 5.67825025433601679459e-02
167	 5.61832626821852990084e-02
168	 5.55914565158517962051e-02
169	 5.50048090007366971554e-02
170	 5.44254374782373318009e-02
171	 5.38511150010133055055e-02
172	 5.32839143377481574970e-02
173	 5.27216555823560029115e-02
174	 5.21663678863121538232e-02
175	 5.16159173573803656265e-02
176	 5.10722904628273591254e-02
177	 5.05333983232567202082e-02
178	 5.00011856329848902725e-02
179	 4.94736075497125976641e-02
180	 4.89525678850353113125e-02
181	 4.84360648822407535707e-02
182	 4.79259623400720632946e-02
183	 4.74203006591713133178e-02
184	 4.69209044755643372993e-02
185	 4.64258554414124918752e-02
186	 4.59369398610153523155e-02
187	 4.54522797537984662997e-02
188	 4.49736239047405714220e-02
189	 4.44991338370984146344e-02
190	 4.40305216108753533222e-02
191	 4.35659874098433680389e-02
192	 4.31072073458155166636e-02
193	 4.26524194392192829151e-02
194	 4.22032646133784494769e-02
195	 4.17580179203551754563e-02
196	 4.13182858380523043706e-02
197	 4.08823796634050912191e-02
198	 4.04518721557632840446e-02
199	 4.00251100878868323885e-02
200	 3.96036332116523545621e-02
201	 3.91858230237943638841e-02
202	 3.87731869644043838918e-02
203	 3.83641405190519174662e-02
204	 3.79601594967188815666e-02
205	 3.75596926529190161537e-02
206	 3.71641848315528294799e-02
207	 3.67721173549966848237e-02
208	 3.63849047538017666970e-02
209	 3.60010602295165876852e-02
210	 3.56219686371180288553e-02
211	 3.52461743846272726466e-02
212	 3.48750332755923750372e-02
213	 3.45071202664175014085e-02
214	 3.41437627200526991333e-02
215	 3.37835654974395632744e-02
216	 3.34278281187534373475e-02
217	 3.30751847195195694540e-02
218	 3.27269075622504818091e-02
219	 3.23816594406564281505e-02
220	 3.20406859322745624086e-02
221	 3.17026778858311084064e-02
222	 3.13688547544303808490e-02
223	 3.10379348515618831705e-02
224	 3.07111120545647507674e-02
225	 3.03871315640529444935e-02
226	 3.00671622186573922475e-02
227	 2.97499755407986538058e-02
228	 2.94367158561013690654e-02
229	 2.91261804555136977202e-02
230	 2.88194896662497881956e-02
231	 2.85154660062710216262e-02
232	 2.82152063081138951284e-02
233	 2.79175577867395302567e-02
234	 2.76235942731109206105e-02
235	 2.73321871604222145502e-02
236	 2.70443877607673272001e-02
237	 2.67590911378132768894e-02
238	 2.64773265573026682362e-02
239	 2.61980122564128975471e-02
240	 2.59221559170438979602e-02
241	 2.56486984635926548726e-02
242	 2.53786264466634575721e-02
243	 2.51109030024241723644e-02
244	 2.48464939922826595631e-02
245	 2.45843843008770948644e-02
246	 2.43255195292177220368e-02
247	 2.40689058648419496045e-02
248	 2.38154690494922736954e-02
249	 2.35642361291867295792e-02
