0	 1.00104930351853771420e+00	 0.00000000000000000000e+00
1	 9.06725506288284743839e-01	 0.00000000000000000000e+00
2	 7.71451670682279044833e-01	 0.00000000000000000000e+00
3	 6.71072413406467060959e-01	 0.00000000000000000000e+00
4	 6.23905892474912238121e-01	 0.00000000000000000000e+00
5	 5.82360793448613134338e-01	 0.00000000000000000000e+00
6	 5.53276939971943715335e-01	 0.00000000000000000000e+00
7	 5.28463034601651560074e-01	 0.00000000000000000000e+00
8	 5.08132620840189397349e-01	 0.00000000000000000000e+00
9	 4.90491903790948147179e-01	 0.00000000000000000000e+00
10	 4.75145334063665381041e-01	 0.00000000000000000000e+00
11	 4.61523418500240867335e-01	 0.00000000000000000000e+00
12	 4.49334795575373202592e-01	 0.00000000000000000000e+00
13	 4.38315663650774234306e-01	 0.00000000000000000000e+00
14	 4.28279914109133352795e-01	 0.00000000000000000000e+00
15	 4.19073042518420313396e-01	 0.00000000000000000000e+00
16	 4.10572862054928544584e-01	 0.00000000000000000000e+00
17	 4.02678163449582793287e-01	 0.00000000000000000000e+00
18	 3.95305479511865176523e-01	 0.00000000000000000000e+00
19	 3.88384933333936421818e-01	 0.00000000000000000000e+00
20	 3.81857845206063195587e-01	 0.00000000000000000000e+00
21	 3.75674614736765777323e-01	 0.00000000000000000000e+00
22	 3.69793177912243364869e-01	 0.00000000000000000000e+00
23	 3.64177724536534130895e-01	 0.00000000000000000000e+00
24	 3.58797680837386834263e-01	 0.00000000000000000000e+00
25	 3.53626886178596444577e-01	 0.00000000000000000000e+00
26	 3.48642872348353005663e-01	 0.00000000000000000000e+00
27	 3.43826335329591392664e-01	 0.00000000000000000000e+00
28	 3.39160610812166973815e-01	 0.00000000000000000000e+00
29	 3.34631324743278946166e-01	 0.00000000000000000000e+00
30	 3.30226022839636035311e-01	 0.00000000000000000000e+00
31	 3.25933902718197943127e-01	 0.00000000000000000000e+00
32	 3.21745571719290579527e-01	 0.00000000000000000000e+00
33	 3.17652850617895776697e-01	 0.00000000000000000000e+00
34	 3.13648597257126904303e-01	 0.00000000000000000000e+00
35	 3.09726561977980818785e-01	 0.00000000000000000000e+00
36	 3.05881268480818147015e-01	 0.00000000000000000000e+00
37	 3.02107901474809925624e-01	 0.00000000000000000000e+00
38	 2.98402218159402599085e-01	 0.00000000000000000000e+00
39	 2.94760470244047279031e-01	 0.00000000000000000000e+00
40	 2.91179344735795153642e-01	 0.00000000000000000000e+00
41	 2.87655906221075841067e-01	 0.00000000000000000000e+00
42	 2.84187526920857080892e-01	 0.00000000000000000000e+00
43	 2.80771851324020604856e-01	 0.00000000000000000000e+00
44	 2.77406767489580319275e-01	 0.00000000000000000000e+00
45	 2.74090367760989217505e-01	 0.00000000000000000000e+00
46	 2.70820930695468420346e-01	 0.00000000000000000000e+00
47	 2.67596895890188479772e-01	 0.00000000000000000000e+00
48	 2.64416847062867887974e-01	 0.00000000000000000000e+00
49	 2.61279486804877614237e-01	 0.00000000000000000000e+00
50	 2.58183630507737682525e-01	 0.00000000000000000000e+00
51	 2.55128193569264249962e-01	 0.00000000000000000000e+00
52	 2.52112207602400606454e-01	 0.00000000000000000000e+00
53	 2.49134661256473377566e-01	 0.00000000000000000000e+00
54	 2.46194687877927781416e-01	 0.00000000000000000000e+00
55	 2.43291480924052255785e-01	 0.00000000000000000000e+00
56	 2.40424312323621602872e-01	 0.00000000000000000000e+00
57	 2.37592498460724610432e-01	 0.00000000000000000000e+00
58	 2.34795389258054487680e-01	 0.00000000000000000000e+00
59	 2.32032377117837002034e-01	 0.00000000000000000000e+00
60	 2.29302887855724973898e-01	 0.00000000000000000000e+00
61	 2.26606380164915854891e-01	 0.00000000000000000000e+00
62	 2.23942329342373402934e-01	 0.00000000000000000000e+00
63	 2.21310228172278827818e-01	 0.00000000000000000000e+00
64	 2.18709612857975466138e-01	 0.00000000000000000000e+00
65	 2.16140020495209778106e-01	 0.00000000000000000000e+00
66	 2.13600982481156581594e-01	 0.00000000000000000000e+00
67	 2.11092200279503428018e-01	 0.00000000000000000000e+00
68	 2.08613196898004032986e-01	 0.00000000000000000000e+00
69	 2.06163585461177162328e-01	 0.00000000000000000000e+00
70	 2.03742960141903933780e-01	 0.00000000000000000000e+00
71	 2.01350927278600488890e-01	 0.00000000000000000000e+00
72	 1.98987122307511643537e-01	 0.00000000000000000000e+00
73	 1.96651190154222721418e-01	 0.00000000000000000000e+00
74	 1.94342769774681428663e-01	 0.00000000000000000000e+00
75	 1.92061510637229954090e-01	 0.00000000000000000000e+00
76	 1.89807063380288437715e-01	 0.00000000000000000000e+00
77	 1.87579084666356699085e-01	 0.00000000000000000000e+00
78	 1.85377250216306216357e-01	 0.00000000000000000000e+00
79	 1.83201238573168528889e-01	 0.00000000000000000000e+00
80	 1.81050737017400736883e-01	 0.00000000000000000000e+00
81	 1.78925413488900009185e-01	 0.00000000000000000000e+00
82	 1.76824951330117441373e-01	 0.00000000000000000000e+00
83	 1.74749046151152054307e-01	 0.00000000000000000000e+00
84	 1.72697409741365076608e-01	 0.00000000000000000000e+00
85	 1.70669727510817464955e-01	 0.00000000000000000000e+00
86	 1.68665695422797468073e-01	 0.00000000000000000000e+00
87	 1.66684997749258601019e-01	 0.00000000000000000000e+00
88	 1.64727320157774637099e-01	 0.00000000000000000000e+00
89	 1.62792355791798765141e-01	 0.00000000000000000000e+00
90	 1.60879811314387471954e-01	 0.00000000000000000000e+00
91	 1.58989391722026751630e-01	 0.00000000000000000000e+00
92	 1.57120813687689320215e-01	 0.00000000000000000000e+00
93	 1.55273788561270220665e-01	 0.00000000000000000000e+00
94	 1.53447998824142506358e-01	 0.00000000000000000000e+00
95	 1.51643197646639388276e-01	 0.00000000000000000000e+00
96	 1.49859124566580903526e-01	 0.00000000000000000000e+00
97	 1.48095532178980332505e-01	 0.00000000000000000000e+00
98	 1.46352173214559594383e-01	 0.00000000000000000000e+00
99	 1.44628797491346910986e-01	 0.00000000000000000000e+00
100	 1.42925155611165699554e-01	 0.00000000000000000000e+00
101	 1.41240999694631635952e-01	 0.00000000000000000000e+00
102	 1.39576077412530502597e-01	 0.00000000000000000000e+00
103	 1.37930145636695561384e-01	 0.00000000000000000000e+00
104	 1.36302969312597083151e-01	 0.00000000000000000000e+00
105	 1.34694312109930214305e-01	 0.00000000000000000000e+00
106	 1.33103957848990900326e-01	 0.00000000000000000000e+00
107	 1.31531680100405196088e-01	 0.00000000000000000000e+00
108	 1.29977223351356058201e-01	 0.00000000000000000000e+00
109	 1.28440360788520502311e-01	 0.00000000000000000000e+00
110	 1.26920895426877400336e-01	 0.00000000000000000000e+00
111	 1.25418622884276215190e-01	 0.00000000000000000000e+00
112	 1.23933356331675847972e-01	 0.00000000000000000000e+00
113	 1.22464877662323542995e-01	 0.00000000000000000000e+00
114	 1.21012999719147931743e-01	 0.00000000000000000000e+00
115	 1.19577545671047530407e-01	 0.00000000000000000000e+00
116	 1.18158308473965745211e-01	 0.00000000000000000000e+00
117	 1.16755086488256665245e-01	 0.00000000000000000000e+00
118	 1.15367704496408651771e-01	 0.00000000000000000000e+00
119	 1.13995983905652353840e-01	 0.00000000000000000000e+00
120	 1.12639752201532078457e-01	 0.00000000000000000000e+00
121	 1.11298844196394616790e-01	 0.00000000000000000000e+00
122	 1.09973097960635035619e-01	 0.00000000000000000000e+00
123	 1.08662420294337008775e-01	 0.00000000000000000000e+00
124	 1.07366653523106245216e-01	 0.00000000000000000000e+00
125	 1.06085863044056247229e-01	 0.00000000000000000000e+00
126	 1.04819199076671004667e-01	 0.00000000000000000000e+00
127	 1.03566648064037508670e-01	 0.00000000000000000000e+00
