1	 2.83301188125612724011e-01
2	 1.58741568625279882987e-01
3	 1.28363592846833574068e-01
4	 1.08476106943279818062e-01
5	 9.76806392245072319103e-02
6	 8.93652515012272746775e-02
7	 8.36924419581720063777e-02
8	 7.93217494189284860751e-02
9	 7.61360226381731924894e-02
10	 7.37002563469227739423e-02
11	 7.18840342864933007361e-02
12	 7.04996299954076116601e-02
13	 6.94582245223193256445e-02
14	 6.86644140273357794779e-02
15	 6.80651563495525274705e-02
16	 6.76073296160424191958e-02
17	 6.72613367396255323882e-02
18	 6.69957455340112612019e-02
19	 6.67951686139112432716e-02
20	 6.66399420171320672202e-02
21	 6.65230381268755721624e-02
22	 6.64313521962257430564e-02
23	 6.63627118394566478665e-02
24	 6.63077170913903835014e-02
25	 6.62669992669098761873e-02
26	 6.62332657123012175093e-02
27	 6.62087631339980248191e-02
28	 6.61874025296360357640e-02
29	 6.61723610729815225895e-02
30	 6.61582392417195130907e-02
31	 6.61487506949196973904e-02
32	 6.61388918136798509284e-02
33	 6.61326861955486011713e-02
34	 6.61253581030838838428e-02
35	 6.61211107044766960295e-02
36	 6.61152997962944216637e-02
37	 6.61122329733354469061e-02
38	 6.61073422183200282154e-02
39	 6.61049961331131863407e-02
40	 6.61006710294820415408e-02
41	 6.60987713442893615179e-02
42	 6.60947993405851391691e-02
43	 6.60931806339321026300e-02
44	 6.60894328078855258779e-02
45	 6.60879940763764300860e-02
46	 6.60843911732766770006e-02
47	 6.60830698532383353783e-02
48	 6.60795624042562479428e-02
49	 6.60783191153498927761e-02
50	 6.60748757218029281191e-02
51	 6.60736852417305314811e-02
52	 6.60702856155400142235e-02
53	 6.60691314932605050503e-02
54	 6.60657622823586643257e-02
55	 6.60646335885695795698e-02
56	 6.60612858437706479409e-02
57	 6.60601751860269287286e-02
58	 6.60568428032072552103e-02
59	 6.60557450960157499509e-02
60	 6.60524238434525012842e-02
61	 6.60513355339005792111e-02
62	 6.60480224347633482207e-02
63	 6.60469410064573325680e-02
64	 6.60436339397526689377e-02
65	 6.60425575892409078005e-02
66	 6.60392550271804434914e-02
67	 6.60381824489918167753e-02
68	 6.60348832809812963385e-02
69	 6.60338135222523076040e-02
70	 6.60305169348630455195e-02
71	 6.60294492953601847018e-02
72	 6.60261546891471040599e-02
73	 6.60250886514448798170e-02
74	 6.60217955824569657786e-02
75	 6.60207307625108458238e-02
76	 6.60174389006399353619e-02
77	 6.60163750123828052541e-02
78	 6.60130841113785032936e-02
79	 6.60120209411095559826e-02
80	 6.60087308167988384699e-02
81	 6.60076682045030033175e-02
82	 6.60043787188477754091e-02
83	 6.60033165444794261978e-02
84	 6.60000275938386199437e-02
85	 6.59989657671931490013e-02
86	 6.59956772736359498222e-02
87	 6.59946157268400945828e-02
88	 6.59913276316938246513e-02
89	 6.59902663136167078051e-02
90	 6.59869785726577007257e-02
91	 6.59859174447398333374e-02
92	 6.59826300246003916161e-02
93	 6.59815690577348207269e-02
94	 6.59782819332143111168e-02
95	 6.59772211054084067872e-02
96	 6.59739342574556797416e-02
97	 6.59728735520770798173e-02
98	 6.59695869662768469288e-02
99	 6.59685263707354002660e-02
100	 6.59652400361690205433e-02
101	 6.59641795409259962257e-02
102	 6.59608934493148141298e-02
103	 6.59598330471351385063e-02
104	 6.59565471921956525403e-02
105	 6.59554868775869274078e-02
106	 6.59522012545440822207e-02
107	 6.59511410233316053287e-02
108	 6.59478556285520989277e-02
109	 6.59467954775591752581e-02
110	 6.59435103082742501979e-02
111	 6.59424502350803437567e-02
112	 6.59391652891770096989e-02
113	 6.59381052919354726516e-02
114	 6.59348205677982440731e-02
115	 6.59337606450975666217e-02
116	 6.59304761414887807724e-02
117	 6.59294162922487991807e-02
118	 6.59261320082180357627e-02
119	 6.59250722316103293652e-02
120	 6.59217881664258403829e-02
121	 6.59207284618138211751e-02
122	 6.59174446149108500537e-02
123	 6.59163849818043545703e-02
124	 6.59131013527449599598e-02
125	 6.59120417907654437828e-02
126	 6.59087583792091064039e-02
127	 6.59076988880637759660e-02
128	 6.59044156937443198485e-02
129	 6.59033562732056349409e-02
130	 6.59000732959140189671e-02
131	 6.58990139458045937060e-02
132	 6.58957311853752836228e-02
133	 6.58946719055567287082e-02
134	 6.58913893618583990097e-02
135	 6.58903301522215517627e-02
136	 6.58870478251483704391e-02
137	 6.58859886856075077644e-02
138	 6.58827065750737794758e-02
139	 6.58816475055606226574e-02
140	 6.58783656114962506978e-02
141	 6.58773066119563988075e-02
142	 6.58740249343032768792e-02
143	 6.58729660046931675410e-02
144	 6.58696845434026123645e-02
145	 6.58686256836862604747e-02
146	 6.58653444387167219531e-02
147	 6.58642856488657335579e-02
148	 6.58610046201813792432e-02
149	 6.58599459001714682138e-02
150	 6.58566650877412257392e-02
151	 6.58556064375524496946e-02
152	 6.58523258413485357288e-02
153	 6.58512672609639776455e-02
154	 6.58479868809610235925e-02
155	 6.58469283703667918051e-02
156	 6.58436482065422323817e-02
157	 6.58425897657254483031e-02
158	 6.58393098180580643719e-02
159	 6.58382514470079310831e-02
160	 6.58349717154778774075e-02
161	 6.58339134141849996462e-02
162	 6.58306338987732775347e-02
163	 6.58295756672289955613e-02
164	 6.58262963679180079790e-02
165	 6.58252382061142726766e-02
166	 6.58219591228869360666e-02
167	 6.58209010308165309855e-02
168	 6.58176221636561503692e-02
169	 6.58165641413124280490e-02
170	 6.58132854902026415145e-02
171	 6.58122275375793430729e-02
172	 6.58089491025045658645e-02
173	 6.58078912195953352748e-02
174	 6.58046130005400659035e-02
175	 6.58035551873393936839e-02
176	 6.58002771842883110720e-02
177	 6.57992194407904656961e-02
178	 6.57959416537286234661e-02
179	 6.57948839799282758634e-02
180	 6.57916064088405611043e-02
181	 6.57905488047327707823e-02
182	 6.57872714496042926280e-02
183	 6.57862139151837027606e-02
184	 6.57829367760000838228e-02
185	 6.57818793112616567731e-02
186	 6.57786023880079645521e-02
187	 6.57775449929467598276e-02
188	 6.57742682856086863241e-02
189	 6.57732109602197911880e-02
190	 6.57699344687827924805e-02
191	 6.57688772130613635847e-02
192	 6.57656009375110622850e-02
193	 6.57645437514524089373e-02
194	 6.57612676917743027571e-02
195	 6.57602105753736926319e-02
196	 6.57569347315532376497e-02
197	 6.57558776848059384212e-02
198	 6.57526020568289654156e-02
199	 6.57515450797300643471e-02
200	 6.57482696675823763410e-02
201	 6.57472127601273770292e-02
202	 6.57439375637944301012e-02
203	 6.57428807259786973649e-02
204	 6.57396057454463222935e-02
205	 6.57385489772650682960e-02
206	 6.57352742125189570821e-02
207	 6.57342175139676299089e-02
208	 6.57309429649935023088e-02
209	 6.57298863360675916789e-02
210	 6.57266120028511674489e-02
211	 6.57255554435458577700e-02
212	 6.57222813260729676887e-02
213	 6.57212248363836792908e-02
214	 6.57179509346400569925e-02
215	 6.57168945145622934723e-02
216	 6.57136208285336864687e-02
217	 6.57125644780626183561e-02
218	 6.57092910077348713038e-02
219	 6.57082347268660438289e-02
220	 6.57049614722247793397e-02
221	 6.57039052609535573213e-02
222	 6.57006322219847171962e-02
223	 6.56995760803066181088e-02
224	 6.56963032569957555706e-02
225	 6.56952471849060332110e-02
226	 6.56919745772392010830e-02
227	 6.56909185747332341476e-02
228	 6.56876461826960411639e-02
229	 6.56865902497694581497e-02
230	 6.56833180733476934554e-02
231	 6.56822622099957204034e-02
232	 6.56789902491751176328e-02
233	 6.56779344553932165063e-02
234	 6.56746627101598423604e-02
235	 6.56736069859433779783e-02
236	 6.56703354562828550689e-02
237	 6.56692798016272755168e-02
238	 6.56660084875252542114e-02
239	 6.56649529024260353305e-02
240	 6.56616818038683880410e-02
241	 6.56606262883209224057e-02
242	 6.56573554052935354219e-02
243	 6.56562999592931184623e-02
244	 6.56530292917817809295e-02
245	 6.56519739153239162421e-02
246	 6.56487034633144728168e-02
247	 6.56476481563946917541e-02
248	 6.56443779198728483149e-02
249	 6.56433226824863352844e-02
250	 6.56400526614377699541e-02
251	 6.56389974935801118194e-02
252	 6.56357276879908774214e-02
253	 6.56346725896573834902e-02
254	 6.56314029995131165141e-02
255	 6.56303479706992209941e-02
256	 6.56270785959859465075e-02
257	 6.56260236366872778957e-02
258	 6.56227544773904797326e-02
259	 6.56216995876021530476e-02
260	 6.56184306437078562757e-02
261	 6.56173758234254306254e-02
262	 6.56141070949193827566e-02
263	 6.56130523441383201044e-02
264	 6.56097838310063102840e-02
265	 6.56087291497218505487e-02
266	 6.56054608519497511887e-02
267	 6.56044062401576061339e-02
268	 6.56011381577311369906e-02
269	 6.56000836154265049016e-02
270	 6.55968157483316216538e-02
271	 6.55957612755100338831e-02
272	 6.55924936237323730204e-02
273	 6.55914392203891805089e-02
274	 6.55881717839146560767e-02
275	 6.55871174500454595657e-02
276	 6.55838502288600133650e-02
277	 6.55827959644600111400e-02
278	 6.55795289585491270046e-02
279	 6.55784747636137255178e-02
280	 6.55752079729635395378e-02
281	 6.55741538474886448418e-02
282	 6.55708872720846824844e-02
283	 6.55698332160650348976e-02
284	 6.55665668558935016419e-02
285	 6.55655128693248545613e-02
286	 6.55622467243712619966e-02
287	 6.55611928072491606523e-02
288	 6.55579268774994644575e-02
289	 6.55568730298193985684e-02
290	 6.55536073152594017666e-02
291	 6.55525535370165141069e-02
292	 6.55492880376321723768e-02
293	 6.55482343288219526656e-02
294	 6.55449690445990551524e-02
295	 6.55439154052171041309e-02
296	 6.55406503361414677356e-02
297	 6.55395967661831502227e-02
298	 6.55363319122407583794e-02
299	 6.55352784117015363385e-02
300	 6.55320137728779283925e-02
301	 6.55309603417532776648e-02
302	 6.55276959180345619504e-02
303	 6.55266425563200693993e-02
304	 6.55233783476919795508e-02
305	 6.55223250553830932619e-02
306	 6.55190610618318208802e-02
307	 6.55180078389238085279e-02
308	 6.55147440604348374471e-02
309	 6.55136909069233830394e-02
310	 6.55104273434827244493e-02
311	 6.55093742593634842386e-02
312	 6.55061109109573852516e-02
313	 6.55050578962256130344e-02
314	 6.55017947628398072846e-02
315	 6.55007418174913119691e-02
316	 6.54974788991116441128e-02
317	 6.54964260231419431735e-02
318	 6.54931633197546603231e-02
319	 6.54921105131593406234e-02
320	 6.54888480247505927467e-02
321	 6.54877952875253799281e-02
322	 6.54845330140809839259e-02
323	 6.54834803462213121961e-02
324	 6.54802182877276955919e-02
325	 6.54791656892296375370e-02
326	 6.54759038456727004984e-02
327	 6.54748513165321066598e-02
328	 6.54715896878982905882e-02
329	 6.54705372281110947741e-02
330	 6.54672758143868965819e-02
331	 6.54662234239489077003e-02
332	 6.54629622251207549111e-02
333	 6.54619099040282259594e-02
334	 6.54586489200828930413e-02
335	 6.54575966683321464057e-02
336	 6.54543358992561719045e-02
337	 6.54532837168436687492e-02
338	 6.54500231626242434668e-02
339	 6.54489710495466114892e-02
340	 6.54457107101708707164e-02
341	 6.54446586664250568033e-02
342	 6.54413985418804550198e-02
343	 6.54403465674635587135e-02
344	 6.54370866577381471441e-02
345	 6.54360347526479757541e-02
346	 6.54327750577297501122e-02
347	 6.54317232219641525814e-02
348	 6.54284637418417747146e-02
349	 6.54274119753992661197e-02
350	 6.54241527100621889090e-02
351	 6.54231010129420059718e-02
352	 6.54198419623801957767e-02
353	 6.54187903345821164525e-02
354	 6.54155314987862751552e-02
355	 6.54144799403111598668e-02
356	 6.54112213192732938616e-02
357	 6.54101698301229050880e-02
358	 6.54069114238357840474e-02
359	 6.54058600040135773579e-02
360	 6.54026018124718722113e-02
361	 6.54015504619821219645e-02
362	 6.53982924851819330536e-02
363	 6.53972412040316752879e-02
364	 6.53939834419713927893e-02
365	 6.53929322301689680552e-02
366	 6.53896746828491609582e-02
367	 6.53886235404066012977e-02
368	 6.53853662078314329387e-02
369	 6.53843151347633516624e-02
370	 6.53810580169400801243e-02
371	 6.53800070132654620458e-02
372	 6.53767501102061332485e-02
373	 6.53756991759484179516e-02
374	 6.53724424876703513743e-02
375	 6.53713916228590707913e-02
376	 6.53681351493859835733e-02
377	 6.53670843540575530195e-02
378	 6.53638280954212530505e-02
379	 6.53627773696205949250e-02
380	 6.53595213258622992347e-02
381	 6.53584706696450912222e-02
382	 6.53552148408181599049e-02
383	 6.53541642542526113324e-02
384	 6.53509086404246847257e-02
385	 6.53498581235948811097e-02
386	 6.53466027248514047532e-02
387	 6.53455522778605552014e-02
388	 6.53422970943087766393e-02
389	 6.53412467172821281869e-02
390	 6.53379917490539696701e-02
391	 6.53369414421415134475e-02
392	 6.53336866893919759880e-02
393	 6.53326364527631320289e-02
394	 6.53293819156546551330e-02
395	 6.53283317494627174815e-02
396	 6.53250774281021323597e-02
397	 6.53240273321950976060e-02
398	 6.53207732262284512803e-02
399	 6.53197231956193363756e-02
