1	 2.91837910206004302882e-01
2	 1.66967816107935429493e-01
3	 1.35630140147756678148e-01
4	 1.15045802660776436133e-01
5	 1.03773110288973555160e-01
6	 9.52170411748802791863e-02
7	 8.93011884658130028480e-02
8	 8.45885576885426343496e-02
9	 8.09427552587733689649e-02
10	 7.79899484533347620019e-02
11	 7.55883795179558837241e-02
12	 7.36293948237947137869e-02
13	 7.19993118564138390170e-02
14	 7.06639665593485760686e-02
15	 6.95400494465253510290e-02
16	 6.86164048425387806951e-02
17	 6.78339196881342365586e-02
18	 6.71891265383974117809e-02
19	 6.66404964328546206564e-02
20	 6.61872939643293051182e-02
21	 6.58003685247406239212e-02
22	 6.54799903662516835645e-02
23	 6.52056342628250795723e-02
24	 6.49779341334928983720e-02
25	 6.47823640156630353726e-02
26	 6.46196696255396108022e-02
27	 6.44795037520888708604e-02
28	 6.43626219210101102597e-02
29	 6.42615956362002638258e-02
30	 6.41771494580807289054e-02
31	 6.41039002931969165155e-02
32	 6.40425272787283200726e-02
33	 6.39890859373750536809e-02
34	 6.39442072070134648332e-02
35	 6.39049623950854878141e-02
36	 6.38719366324068810181e-02
37	 6.38429214470396938497e-02
38	 6.38184606781063840097e-02
39	 6.37968587933296360504e-02
40	 6.37786235098480730477e-02
41	 6.37624263631444976319e-02
42	 6.37487440615167599844e-02
43	 6.37365121719842275816e-02
44	 6.37261811206670386598e-02
45	 6.37168774365337170495e-02
46	 6.37090294707750859349e-02
47	 6.37019026725540032929e-02
48	 6.36959069755377166322e-02
49	 6.36904095108748596887e-02
50	 6.36858049239634460559e-02
51	 6.36815352481436836030e-02
52	 6.36779824879333683496e-02
53	 6.36746442160968373347e-02
54	 6.36718920175314007093e-02
55	 6.36692649237742686052e-02
56	 6.36671259522016141918e-02
57	 6.36650452913442715941e-02
58	 6.36633789279098805114e-02
59	 6.36617206224606158038e-02
60	 6.36604206014743656539e-02
61	 6.36590905762498826537e-02
62	 6.36580760600890388501e-02
63	 6.36570025211270901222e-02
64	 6.36562116203547162518e-02
65	 6.36553394326815485949e-02
66	 6.36547244731894557024e-02
67	 6.36540110416700805063e-02
68	 6.36535350860313736687e-02
69	 6.36529473180513644115e-02
70	 6.36525815919902898665e-02
71	 6.36520936429963296588e-02
72	 6.36518156187121098011e-02
73	 6.36514072075437253861e-02
74	 6.36511991665720255895e-02
75	 6.36508543080485239551e-02
76	 6.36507022564026386791e-02
77	 6.36504083014181321065e-02
78	 6.36503011452101419287e-02
79	 6.36500480489570197307e-02
80	 6.36499769639115864361e-02
81	 6.36497567244775352968e-02
82	 6.36497146707455385695e-02
83	 6.36495208958178793068e-02
84	 6.36495022424132389505e-02
85	 6.36493298129549855968e-02
86	 6.36493300454472471506e-02
87	 6.36491748532572454433e-02
88	 6.36491903451075063947e-02
89	 6.36490490870352532138e-02
90	 6.36490769198796435546e-02
91	 6.36489469357440912356e-02
92	 6.36489847575509026800e-02
93	 6.36488639019677088227e-02
94	 6.36489098146580667414e-02
95	 6.36487963553137719996e-02
96	 6.36488488254198098160e-02
97	 6.36487413620763775590e-02
98	 6.36487991495010285714e-02
99	 6.36486965493215928191e-02
100	 6.36487586503795554904e-02
101	 6.36486599961564869510e-02
102	 6.36487255979255733829e-02
103	 6.36486301465469250793e-02
104	 6.36486985902099400292e-02
105	 6.36486057392748327821e-02
106	 6.36486764906270957587e-02
107	 6.36485857515659142480e-02
108	 6.36486583772533642822e-02
109	 6.36485693536544411275e-02
110	 6.36486435020009455599e-02
111	 6.36485558721151395423e-02
112	 6.36486312576351187520e-02
113	 6.36485447602346821050e-02
114	 6.36486211511119309714e-02
115	 6.36485355740527974922e-02
116	 6.36486127820061892146e-02
117	 6.36485279529677566712e-02
118	 6.36486058250458203167e-02
119	 6.36485216040296453155e-02
120	 6.36486000159590115111e-02
121	 6.36485162892085343245e-02
122	 6.36485951400029559277e-02
123	 6.36485118150718481855e-02
124	 6.36485910226582268789e-02
125	 6.36485080244104939329e-02
126	 6.36485875220799135477e-02
127	 6.36485047894420064019e-02
128	 6.36485845229686764135e-02
129	 6.36485020062940720642e-02
130	 6.36485819315958517572e-02
131	 6.36484995905239048231e-02
132	 6.36485796717628921071e-02
133	 6.36484974734800174057e-02
134	 6.36485776815191722777e-02
135	 6.36484955993463080715e-02
136	 6.36485759104948867204e-02
137	 6.36484939227402179984e-02
138	 6.36485743177356427802e-02
139	 6.36484924067609730836e-02
140	 6.36485728699402730779e-02
141	 6.36484910214034499409e-02
142	 6.36485715400303825318e-02
143	 6.36484897422690404367e-02
144	 6.36485703059867513609e-02
145	 6.36484885495174207426e-02
146	 6.36485691499037442576e-02
147	 6.36484874270146216979e-02
148	 6.36485680572213829986e-02
149	 6.36484863616409018983e-02
150	 6.36485670160982786037e-02
151	 6.36484853427264490877e-02
152	 6.36485660169055778024e-02
153	 6.36484843615952172735e-02
154	 6.36485650518126416797e-02
155	 6.36484834111908648335e-02
156	 6.36485641144515917889e-02
157	 6.36484824857756342764e-02
158	 6.36485631996433487423e-02
159	 6.36484815806825920959e-02
160	 6.36485623031763786406e-02
161	 6.36484806921167461935e-02
162	 6.36485614216258793752e-02
163	 6.36484798169919957500e-02
164	 6.36485605522059405548e-02
165	 6.36484789527983207957e-02
166	 6.36485596926517072092e-02
167	 6.36484780974944375220e-02
168	 6.36485588411208613735e-02
169	 6.36484772494203682180e-02
170	 6.36485579961148240091e-02
171	 6.36484764072260539303e-02
172	 6.36485571564157776026e-02
173	 6.36484755698135673541e-02
174	 6.36485563210321680927e-02
175	 6.36484747362899561107e-02
176	 6.36485554891583760195e-02
177	 6.36484739059290510754e-02
178	 6.36485546601390367316e-02
179	 6.36484730781401858435e-02
180	 6.36485538334412709327e-02
181	 6.36484722524433138569e-02
182	 6.36485530086313561204e-02
183	 6.36484714284477476332e-02
184	 6.36485521853568381179e-02
185	 6.36484706058357413427e-02
186	 6.36485513633312516291e-02
187	 6.36484697843489044544e-02
188	 6.36485505423211861409e-02
189	 6.36484689637774880833e-02
190	 6.36485497221371404608e-02
191	 6.36484681439501848166e-02
192	 6.36485489026247519551e-02
193	 6.36484673247284388209e-02
194	 6.36485480836591344111e-02
195	 6.36484665059989934699e-02
196	 6.36485472651377309772e-02
197	 6.36484656876700888306e-02
198	 6.36485464469778161600e-02
199	 6.36484648696670762824e-02
200	 6.36485456291121798333e-02
201	 6.36484640519292266259e-02
202	 6.36485448114860186131e-02
203	 6.36484632344073014698e-02
204	 6.36485439940546182669e-02
205	 6.36484624170608193072e-02
206	 6.36485431767817577686e-02
207	 6.36484615998575142815e-02
208	 6.36485423596382521305e-02
209	 6.36484607827709075734e-02
210	 6.36485415426003009465e-02
211	 6.36484599657793775895e-02
212	 6.36485407256483226579e-02
213	 6.36484591488657297509e-02
214	 6.36485399087668712870e-02
215	 6.36484583320160723918e-02
216	 6.36485390919434707024e-02
217	 6.36484575152187065372e-02
218	 6.36485382751678097080e-02
219	 6.36484566984650557142e-02
220	 6.36485374584320057201e-02
221	 6.36484558817477924508e-02
222	 6.36485366417294251562e-02
223	 6.36484550650611297096e-02
224	 6.36485358250553495685e-02
225	 6.36484542484008347651e-02
226	 6.36485350084059348097e-02
227	 6.36484534317637851153e-02
228	 6.36485341917785857335e-02
229	 6.36484526151476770472e-02
230	 6.36485333751713594497e-02
231	 6.36484517985512199267e-02
232	 6.36485325585833955353e-02
233	 6.36484509819739141534e-02
234	 6.36485317420148327683e-02
235	 6.36484501654160372830e-02
236	 6.36485309254659764600e-02
237	 6.36484493488785191273e-02
238	 6.36485301089381866335e-02
239	 6.36484485323631082876e-02
240	 6.36485292924339474130e-02
241	 6.36484477158725664436e-02
242	 6.36485284759560898671e-02
243	 6.36484468994104046757e-02
244	 6.36485276595090132545e-02
245	 6.36484460829811193872e-02
246	 6.36485268430972556120e-02
247	 6.36484452665902894486e-02
248	 6.36485260267273394996e-02
249	 6.36484444502444651759e-02
250	 6.36485252104063148337e-02
251	 6.36484436339515569081e-02
252	 6.36485243941423001202e-02
253	 6.36484428177202105070e-02
254	 6.36485235779452596105e-02
255	 6.36484420015608065579e-02
256	 6.36485227618255045012e-02
257	 6.36484411854840448353e-02
258	 6.36485219457939843668e-02
259	 6.36484403695007500135e-02
260	 6.36485211298614544928e-02
261	 6.36484395536208169553e-02
262	 6.36485203140369631969e-02
263	 6.36484387378520866108e-02
264	 6.36485194983258256718e-02
265	 6.36484379221963075812e-02
266	 6.36485186827261545384e-02
267	 6.36484371066456527943e-02
268	 6.36485178672224483076e-02
269	 6.36484362911750034542e-02
270	 6.36485170517782916644e-02
271	 6.36484354757324843899e-02
272	 6.36485162363217699122e-02
273	 6.36484346602207706756e-02
274	 6.36485154207260817039e-02
275	 6.36484338444747305141e-02
276	 6.36485146047789801527e-02
277	 6.36484330282217208863e-02
278	 6.36485137881356577427e-02
279	 6.36484322110263817107e-02
280	 6.36485129702506341465e-02
281	 6.36484313922039968148e-02
282	 6.36485121502705364360e-02
283	 6.36484305706912500966e-02
284	 6.36485113268741298231e-02
285	 6.36484297448464270142e-02
286	 6.36485104980228089122e-02
287	 6.36484289121461849215e-02
288	 6.36485096605792777247e-02
289	 6.36484280687166642521e-02
290	 6.36485088097190759848e-02
291	 6.36484272086553504177e-02
292	 6.36485079381437501844e-02
293	 6.36484263233358660283e-02
294	 6.36485070357910853733e-02
295	 6.36484254027969431622e-02
296	 6.36485060957213272248e-02
297	 6.36484244544485711081e-02
298	 6.36485051687776803853e-02
299	 6.36484236155793053902e-02
