1	 8.46608740737182841052e-01
2	 6.86257358868643474459e-01
3	 5.65176100315184393175e-01
4	 5.20547396285234498237e-01
5	 4.68277444192755243346e-01
6	 4.39436634622722366306e-01
7	 4.08905448763440204640e-01
8	 3.87522654890820328344e-01
9	 3.66735374894530674617e-01
10	 3.49995177573650839697e-01
11	 3.34221011249892174799e-01
12	 3.20459176423103564435e-01
13	 3.07538015356010718815e-01
14	 2.95747106499234357901e-01
15	 2.84611836826659192479e-01
16	 2.74194233314421498271e-01
17	 2.64286126441287905209e-01
18	 2.54888000308896522927e-01
19	 2.45898701609421677095e-01
20	 2.37306615902219908421e-01
21	 2.29056042465517972762e-01
22	 2.21136196148857516741e-01
23	 2.13511991576659232450e-01
24	 2.06175657106082876879e-01
25	 1.99102221910699234142e-01
26	 1.92286422519290151056e-01
27	 1.85708730435653751600e-01
28	 1.79365528260310741482e-01
29	 1.73240530590853425430e-01
30	 1.67331099995839144290e-01
31	 1.61623092409875074305e-01
32	 1.56114427497492380681e-01
33	 1.50792511253559441409e-01
34	 1.45655576380018220162e-01
35	 1.40692236964694017409e-01
36	 1.35900906592373554860e-01
37	 1.31271193555109771944e-01
38	 1.26801624655951516996e-01
39	 1.22482657880472675660e-01
40	 1.18312900698004819233e-01
41	 1.14283556021413892911e-01
42	 1.10393297582674965174e-01
43	 1.06633992606417510318e-01
44	 1.03004375490024571715e-01
45	 9.94969127452869223083e-02
46	 9.61103977065697751003e-02
47	 9.28378418288754864163e-02
48	 8.96780970315465691955e-02
49	 8.66246730987158958248e-02
50	 8.36764803810040175280e-02
51	 8.08274862460568732647e-02
52	 7.80766590257093023864e-02
53	 7.54183875608044618222e-02
54	 7.28516972639850768356e-02
55	 7.03713661178796967555e-02
56	 6.79764752702081004321e-02
57	 6.56621626719593176613e-02
58	 6.34275634852810993314e-02
59	 6.12681491467019501140e-02
60	 5.91831068266727156058e-02
61	 5.71682172919708020409e-02
62	 5.52227175167387673849e-02
63	 5.33426754807927935853e-02
64	 5.15273756346406180961e-02
65	 4.97731528563022732059e-02
66	 4.80793366846839279050e-02
67	 4.64425101882112514873e-02
68	 4.48620455943892493256e-02
69	 4.33347568969987412268e-02
70	 4.18600566376534297119e-02
71	 4.04349737732536754220e-02
72	 3.90589588377572433098e-02
73	 3.77292409712500775854e-02
74	 3.64453064505577128962e-02
75	 3.52045708965076850627e-02
76	 3.40065541649713642958e-02
77	 3.28488456406062778736e-02
78	 3.17309966887154987214e-02
79	 3.06507586450906477360e-02
80	 2.96077124139363309641e-02
81	 2.85997603012805370892e-02
82	 2.76265108808828249720e-02
83	 2.66860072150104099542e-02
84	 2.57778837788515645391e-02
85	 2.49003148853296565890e-02
86	 2.40529592426861511811e-02
87	 2.32341135643615130657e-02
88	 2.24434592204791373560e-02
89	 2.16794070821201868837e-02
90	 2.09416597040306649846e-02
91	 2.02287344353261552832e-02
92	 1.95403536282421422254e-02
93	 1.88751339532928393006e-02
94	 1.82328162591083413335e-02
95	 1.76121098669149676874e-02
96	 1.70127729024342755348e-02
97	 1.64336011187753913698e-02
98	 1.58743687769408378663e-02
99	 1.53339522634911452209e-02
100	 1.48121409061192071260e-02
101	 1.43078863177215822450e-02
102	 1.38209918931209985171e-02
103	 1.33504794288268474611e-02
104	 1.28961654521934105527e-02
105	 1.24571372400544902459e-02
106	 1.20332235787415121886e-02
107	 1.16235728383994822016e-02
108	 1.12280252480748982818e-02
109	 1.08457861789757158133e-02
110	 1.04767065403187052686e-02
111	 1.01200448868978606226e-02
112	 9.77566209587959859817e-03
113	 9.44286634434251745396e-03
114	 9.12152781229513300032e-03
115	 8.81100097667001681823e-03
116	 8.51116469929217439594e-03
117	 8.22141665727796518148e-03
118	 7.94164381446993590530e-03
119	 7.67128415625405613715e-03
120	 7.41023220723291929646e-03
121	 7.15796356292559225049e-03
122	 6.91437980345674732541e-03
123	 6.67899161709374286633e-03
124	 6.45170716789885551057e-03
125	 6.23206988811362844888e-03
126	 6.01999408558952925352e-03
127	 5.81505374506040371291e-03
128	 5.61716890737785218279e-03
129	 5.42594206502531022779e-03
130	 5.24129860848095586318e-03
131	 5.06286763013367654973e-03
132	 4.89057951231189075997e-03
133	 4.72408816718696434461e-03
134	 4.56332863505813906418e-03
135	 4.40797798691795403303e-03
136	 4.25797560946468336279e-03
137	 4.11302018272863625925e-03
138	 3.97305514905781347740e-03
139	 3.83779935146740143470e-03
140	 3.70720001664088258733e-03
141	 3.58099480130874298772e-03
142	 3.45913446331483614288e-03
143	 3.34137421413767832928e-03
144	 3.22766810653532694453e-03
145	 3.11778773202312300961e-03
146	 3.01169021782600552367e-03
147	 2.90916243940019013728e-03
148	 2.81016439273404231361e-03
149	 2.71449721448118212394e-03
150	 2.62212357744883448399e-03
151	 2.53285792518697164266e-03
152	 2.44666542821667803986e-03
153	 2.36337294654447548081e-03
154	 2.28294798128168092630e-03
155	 2.20522897803851784457e-03
156	 2.13018561257335937650e-03
157	 2.05766714084620362668e-03
158	 1.98764526775217819157e-03
159	 1.91997933622503635410e-03
160	 1.85464294452162637220e-03
161	 1.79150484757945841104e-03
162	 1.73054041032622701879e-03
163	 1.67162716989979038239e-03
164	 1.61474213968442630897e-03
165	 1.55977105135889472856e-03
166	 1.50669245645939243322e-03
167	 1.45539973286986181779e-03
168	 1.40587286735422952247e-03
169	 1.35801237235810791024e-03
170	 1.31179957383574540865e-03
171	 1.26714164138772510636e-03
172	 1.22402115054723401727e-03
173	 1.18235148260891062208e-03
174	 1.14211637906961216600e-03
175	 1.10323501726517663769e-03
176	 1.06569222663580628722e-03
177	 1.02941259271908383197e-03
178	 9.94381960098832595393e-04
179	 9.60529960627158987431e-04
180	 9.27843386103088547251e-04
181	 8.96256577021643905008e-04
182	 8.65757209013995115629e-04
183	 8.36284016141683331572e-04
184	 8.07825498726201583592e-04
185	 7.80324490402449326421e-04
186	 7.53770260997867268087e-04
187	 7.28109469399996090538e-04
188	 7.03332103450491534849e-04
189	 6.79388391324890197551e-04
190	 6.56268990832890126638e-04
191	 6.33927460601132271474e-04
192	 6.12355083576195634298e-04
193	 5.91508525980603068646e-04
194	 5.71379654066523604179e-04
195	 5.51928033709393815569e-04
196	 5.33146075434828164465e-04
197	 5.14996050742606392529e-04
198	 4.97470878011491818814e-04
199	 4.80535353320356078619e-04
200	 4.64182868917886206055e-04
201	 4.48380576531346222973e-04
202	 4.33122310570117018645e-04
203	 4.18377420783062686175e-04
204	 4.04140154152860550749e-04
205	 3.90381911370694489709e-04
206	 3.77097324384992782682e-04
207	 3.64259707591706714293e-04
208	 3.51864052144837185718e-04
209	 3.39885458090726920877e-04
210	 3.28319251752522513806e-04
211	 3.17142199341268772855e-04
212	 3.06349939921236468117e-04
213	 2.95920794377804556325e-04
214	 2.85850693589123725381e-04
215	 2.76119409084851677016e-04
216	 2.66723144030130067828e-04
217	 2.57643023529956194904e-04
218	 2.48875504816217600883e-04
219	 2.40402975995629550245e-04
220	 2.32222131365790587310e-04
221	 2.24316537522197499959e-04
222	 2.16683109964753081722e-04
223	 2.09306514919939591233e-04
224	 2.02183874288052638571e-04
225	 1.95300880345502663208e-04
226	 1.88654847581524971268e-04
227	 1.82232425665057048243e-04
228	 1.76031108786986901366e-04
229	 1.70038439945595837082e-04
230	 1.64252081008431610309e-04
231	 1.58660408526775642806e-04
232	 1.53261240824366167749e-04
233	 1.48043732229238632998e-04
234	 1.43005847051389157641e-04
235	 1.38137465352010515652e-04
236	 1.33436687657414288595e-04
237	 1.28894071201731931975e-04
238	 1.24507843610080845423e-04
239	 1.20269193980686043481e-04
240	 1.16176468527204982436e-04
241	 1.12221445939349786505e-04
242	 1.08402583072396378337e-04
243	 1.04712208773516537259e-04
244	 1.01148883111632610036e-04
245	 9.77054483189273382865e-05
246	 9.43805607218456106902e-05
247	 9.11675416792033667781e-05
248	 8.80651372649419983928e-05
249	 8.50671157942618918297e-05
