1	 2.74353113869747755604e-01
2	 1.48399312193998572651e-01
3	 1.17912751411369004506e-01
4	 9.75450550537940580531e-02
5	 8.63373669809317789703e-02
6	 7.76705828555907806798e-02
7	 7.15978467122851541804e-02
8	 6.67929867392701437367e-02
9	 6.30943558341808263812e-02
10	 6.01047358534104389505e-02
11	 5.76860645937607441347e-02
12	 5.56813846632461945108e-02
13	 5.40014375214194347619e-02
14	 5.25722090426028257348e-02
15	 5.13386433907260381071e-02
16	 5.02623588596103412773e-02
17	 4.93089276855370670094e-02
18	 4.84575979786555227635e-02
19	 4.76860555061636506857e-02
20	 4.69830322901198804697e-02
21	 4.63333941900609391773e-02
22	 4.57312442459316612076e-02
23	 4.51657995311971552366e-02
24	 4.46343136582230820553e-02
25	 4.41287129212009979207e-02
26	 4.36481484744383474439e-02
27	 4.31862827620101072390e-02
28	 4.27434334265583901202e-02
29	 4.23144083256940459203e-02
30	 4.19002529951166199917e-02
31	 4.14965529457521631329e-02
32	 4.11048118679669394204e-02
33	 4.07211582122715895493e-02
34	 4.03473841937712005001e-02
35	 3.99800077996523908763e-02
36	 3.96210009664716700239e-02
37	 3.92671687130156654710e-02
38	 3.89205917154403502334e-02
39	 3.85782921252968910575e-02
40	 3.82424124024740921812e-02
41	 3.79101432784640091089e-02
42	 3.75836576024251925454e-02
43	 3.72602803866052614823e-02
44	 3.69421937274197892398e-02
45	 3.66268323064477263618e-02
46	 3.63163731790231356089e-02
47	 3.60083427729709429355e-02
48	 3.57049034510862756120e-02
49	 3.54036601460588143397e-02
50	 3.51067540437795047592e-02
51	 3.48118586578981745183e-02
52	 3.45210896918395904187e-02
53	 3.42321816932165748359e-02
54	 3.39472220838913790741e-02
55	 3.36640006189576901363e-02
56	 3.33845746843442481300e-02
57	 3.31067846737272686308e-02
58	 3.28326569079808380791e-02
59	 3.25600787785144951680e-02
60	 3.22910450149841710132e-02
61	 3.20234870571818597274e-02
62	 3.17593678650420138676e-02
63	 3.14966604977603634175e-02
64	 3.12372962059260031453e-02
65	 3.09792876348096435368e-02
66	 3.07245345486125177870e-02
67	 3.04710874494262505541e-02
68	 3.02208149470820953975e-02
69	 2.99718039075717590514e-02
70	 2.97258921899328266980e-02
71	 2.94812017169656832849e-02
72	 2.92395400458391740983e-02
73	 2.89990629969383469089e-02
74	 2.87615483015904067898e-02
75	 2.85251846376276610440e-02
76	 2.82917204010403287862e-02
77	 2.80593761840340072400e-02
78	 2.78298715435820846753e-02
79	 2.76014581232426059465e-02
80	 2.73758271372350446560e-02
81	 2.71512604842282373463e-02
82	 2.69294215279816673281e-02
83	 2.67086216823511878038e-02
84	 2.64904969464175160665e-02
85	 2.62733875572859383596e-02
86	 2.60589026270387040529e-02
87	 2.58454105653750237925e-02
88	 2.56344940660274203670e-02
89	 2.54245490964674220047e-02
90	 2.52171323912150843749e-02
91	 2.50106668920557079216e-02
92	 2.48066838237457204519e-02
93	 2.46036325465858879413e-02
94	 2.44030192153545898159e-02
95	 2.42033190776361657737e-02
96	 2.40060136485068832679e-02
97	 2.38096035535646337322e-02
98	 2.36155460891831828207e-02
99	 2.34223667694559538333e-02
100	 2.32314990840564762620e-02
101	 2.30414929639209120626e-02
102	 2.28537584953276314004e-02
103	 2.26668695706475319118e-02
104	 2.24822132676794073092e-02
105	 2.22983869996651630496e-02
106	 2.21167552227547158095e-02
107	 2.19359384441263939591e-02
108	 2.17572788773208632140e-02
109	 2.15794197090881517687e-02
110	 2.14036812818901474309e-02
111	 2.12287290593260319360e-02
112	 2.10558618770657068886e-02
113	 2.08837670836621303039e-02
114	 2.07137223652868913970e-02
115	 2.05444365736597751859e-02
116	 2.03771665959886494335e-02
117	 2.02106424148456205458e-02
118	 2.00461004624689111131e-02
119	 1.98822914888769214370e-02
120	 1.97204318089961409821e-02
121	 1.95592925852909570172e-02
122	 1.94000703468881763314e-02
123	 1.92415563216553307802e-02
124	 1.90849275784634418718e-02
125	 1.89289950710962301406e-02
126	 1.87749167279110847073e-02
127	 1.86215228963156967379e-02
128	 1.84699526782501309563e-02
129	 1.83190554893235268974e-02
130	 1.81699519136548186260e-02
131	 1.80215101162085854225e-02
132	 1.78748324665161800739e-02
133	 1.77288055663611492097e-02
134	 1.75845138686879544354e-02
135	 1.74408621056307243380e-02
136	 1.72989171064368389696e-02
137	 1.71576014329695263061e-02
138	 1.70179645786741780278e-02
139	 1.68789466401665609607e-02
140	 1.67415800581005372316e-02
141	 1.66048221743272488016e-02
142	 1.64696886549396508126e-02
143	 1.63351538027953283039e-02
144	 1.62022167829774035863e-02
145	 1.60698685802513133170e-02
146	 1.59390921276572131160e-02
147	 1.58088948177536499362e-02
148	 1.56802436160125395481e-02
149	 1.55521620535180784411e-02
150	 1.54256013882444927010e-02
151	 1.52996010252542478242e-02
152	 1.51750967707753869895e-02
153	 1.50511436439018340960e-02
154	 1.49286622506296321605e-02
155	 1.48067229686258353821e-02
156	 1.46862314510106360677e-02
157	 1.45662731829489383584e-02
158	 1.44477391079593370238e-02
159	 1.43297295719120448831e-02
160	 1.42131210479912208078e-02
161	 1.40970285001680434300e-02
162	 1.39823141666238440900e-02
163	 1.38681073909243373493e-02
164	 1.37552564077146211724e-02
165	 1.36429047056602342075e-02
166	 1.35318867435394209198e-02
167	 1.34213599245527615000e-02
168	 1.33121451555502853803e-02
169	 1.32034135275536160248e-02
170	 1.30959726157572169114e-02
171	 1.29890069760652954178e-02
172	 1.28833110686863341193e-02
173	 1.27780826951710974049e-02
174	 1.26741034138706017836e-02
175	 1.25705840563784063818e-02
176	 1.24682934888357566799e-02
177	 1.23664553608395667156e-02
178	 1.22658260525470748370e-02
179	 1.21656418230181063989e-02
180	 1.20666467692873806417e-02
181	 1.19680895547720697603e-02
182	 1.18707021929384849701e-02
183	 1.17737455498290923689e-02
184	 1.16779397516432528747e-02
185	 1.15825576686301497803e-02
186	 1.14883077328258153410e-02
187	 1.13944746235222875430e-02
188	 1.13017552685511189769e-02
189	 1.12094459642814552047e-02
190	 1.11182323212066138524e-02
191	 1.10274220639496253749e-02
192	 1.09376896694902206453e-02
193	 1.08483541049707518655e-02
194	 1.07600788946908571680e-02
195	 1.06721940656129849617e-02
196	 1.05853523672484930301e-02
197	 1.04988947066644855433e-02
198	 1.04134632335824098975e-02
199	 1.03284095583920081801e-02
200	 1.02443654031772694163e-02
201	 1.01606929077523670119e-02
202	 1.00780135359171355708e-02
203	 9.99569978584750017114e-03
204	 9.91436302965920460140e-03
205	 9.83338595561485638574e-03
206	 9.75337000803830518614e-03
207	 9.67370789974544842416e-03
208	 9.59499130849619970285e-03
209	 9.51662280882212101296e-03
210	 9.43918447052731306168e-03
211	 9.36208856967226527024e-03
212	 9.28590772413575779587e-03
213	 9.21006375392780830824e-03
214	 9.13511997849713805464e-03
215	 9.06050760678788619229e-03
216	 8.98678081081990751122e-03
217	 8.91338003597804892641e-03
218	 8.84085045540119671137e-03
219	 8.76864160090160514593e-03
220	 8.69728979287187099756e-03
221	 8.62625350197803245078e-03
222	 8.55606033962707894502e-03
223	 8.48617757016447218921e-03
224	 8.41712423743705591417e-03
225	 8.34837625665570820521e-03
226	 8.28044424323514521857e-03
227	 8.21281262275897795677e-03
228	 8.14598371907814498838e-03
229	 8.07945032993986726744e-03
230	 8.01370662227631619379e-03
231	 7.94825363003534221540e-03
232	 7.88357749568865256995e-03
233	 7.81918735563106453990e-03
234	 7.75556145818073489756e-03
235	 7.69221691059923662337e-03
236	 7.62962419524166376300e-03
237	 7.56730826079403656043e-03
238	 7.50573194975693875480e-03
239	 7.44442792490152428081e-03
240	 7.38385151293438624087e-03
241	 7.32354296544121194379e-03
242	 7.26395021538027863689e-03
243	 7.20462097991628365456e-03
244	 7.14599591832283664861e-03
245	 7.08763009210993787795e-03
246	 7.02995700498035194087e-03
247	 6.97253894352501367437e-03
248	 6.91580237207147386497e-03
249	 6.85931668496444092026e-03
250	 6.80350142146494453466e-03
251	 6.74793296824998615341e-03
252	 6.69302405196645425201e-03
253	 6.63835793807685762419e-03
254	 6.58434065124011841386e-03
255	 6.53056222400168629588e-03
256	 6.47742208786227392087e-03
257	 6.42451693256187398445e-03
258	 6.37223970350540586810e-03
259	 6.32019363952366144965e-03
260	 6.26876530524965360630e-03
261	 6.21756438225695966943e-03
262	 6.16697115802016665453e-03
263	 6.11660165223484788427e-03
264	 6.06682997714795297500e-03
265	 6.01727838765525342019e-03
266	 5.96831492105187773334e-03
267	 5.91956796618336392873e-03
268	 5.87139958404032328426e-03
269	 5.82344419781204419156e-03
270	 5.77605798923004273848e-03
271	 5.72888131783885323073e-03
272	 5.68226458158042208035e-03
273	 5.63585397995734760368e-03
274	 5.58999422104121661964e-03
275	 5.54433724946090406710e-03
276	 5.49922217581173735507e-03
277	 5.45430659655707448380e-03
278	 5.40992411570963283030e-03
279	 5.36573788979050059211e-03
280	 5.32207610564734614339e-03
281	 5.27860738957245442110e-03
282	 5.23565459921390089632e-03
283	 5.19289174181474921105e-03
284	 5.15063643236011569487e-03
285	 5.10856797166560523682e-03
286	 5.06699881718420102467e-03
287	 5.02561347734427951023e-03
288	 4.98471933581392124407e-03
289	 4.94400602406982938447e-03
290	 4.90377593437950776850e-03
291	 4.86372373807598349510e-03
292	 4.82414691706535211924e-03
293	 4.78474510069623430730e-03
294	 4.74581094021773747943e-03
295	 4.70704894249055535299e-03
296	 4.66874700649898884824e-03
297	 4.63061443751998282753e-03
298	 4.59293446008295514621e-03
299	 4.55542110203595394108e-03
