1	 8.62720013921271178248e-01
2	 7.05659183584872784500e-01
3	 5.89062581786914396531e-01
4	 5.42094183652696570697e-01
5	 4.92158397991694029905e-01
6	 4.62142937901456107852e-01
7	 4.33103272938676231441e-01
8	 4.10850744332131534442e-01
9	 3.90043175938313890772e-01
10	 3.71962337278888111047e-01
11	 3.55020756052650210410e-01
12	 3.39444730962221219439e-01
13	 3.24721860587758148764e-01
14	 3.10860836841697574240e-01
15	 2.97672281662180904238e-01
16	 2.85132857494760361128e-01
17	 2.73156330851174744545e-01
18	 2.61721983221366749639e-01
19	 2.50779303006592568792e-01
20	 2.40313365652724514332e-01
21	 2.30287589549746707362e-01
22	 2.20691101552310059430e-01
23	 2.11493779713374602247e-01
24	 2.02687190831650237977e-01
25	 1.94244924544784425269e-01
26	 1.86160030064860065879e-01
27	 1.78408697424117634878e-01
28	 1.70984947214809890337e-01
29	 1.63867055696885782767e-01
30	 1.57049745134239221445e-01
31	 1.50513093973639489054e-01
32	 1.44252377169947071378e-01
33	 1.38249286332719878434e-01
34	 1.32499559301253400090e-01
35	 1.26986355077195522956e-01
36	 1.21705814017301516827e-01
37	 1.16642439381768769913e-01
38	 1.11792729031279694518e-01
39	 1.07142421403039686534e-01
40	 1.02688335517748238757e-01
41	 9.84173461512327790723e-02
42	 9.43265625750732139565e-02
43	 9.04039054403525804693e-02
44	 8.66467471649405573952e-02
45	 8.30439711255060858397e-02
46	 7.95931887090816636565e-02
47	 7.62841694668014991265e-02
48	 7.31147419885512100945e-02
49	 7.00754914895667102570e-02
50	 6.71644440687424598702e-02
51	 6.43729356577798506045e-02
52	 6.16991719977115007922e-02
53	 5.91351799216507656443e-02
54	 5.66793285794371520803e-02
55	 5.43242806277022607930e-02
56	 5.20685538638928080424e-02
57	 4.99053960610720825919e-02
58	 4.78334602356081314833e-02
59	 4.58465326006794529623e-02
60	 4.39433891720258373859e-02
61	 4.21183116419614825277e-02
62	 4.03701879048039141695e-02
63	 3.86937555941328364950e-02
64	 3.70880043613451906848e-02
65	 3.55480913961770741971e-02
66	 3.40730988949074428684e-02
67	 3.26585701212870616050e-02
68	 3.13036714319464351441e-02
69	 3.00043013549127282613e-02
70	 2.87597027761404520907e-02
71	 2.75661011379563121448e-02
72	 2.64228089106733066149e-02
73	 2.53263523647135925521e-02
74	 2.42761072344767590836e-02
75	 2.32688766154964220279e-02
76	 2.23040937548175735583e-02
77	 2.13788164870484694025e-02
78	 2.04925303384017494512e-02
79	 1.96425275603910112765e-02
80	 1.88283411965568699131e-02
81	 1.80474792161099371890e-02
82	 1.72995178475229480219e-02
83	 1.65821635717760332285e-02
84	 1.58950318608870322379e-02
85	 1.52360118756226566722e-02
86	 1.46047547461565646598e-02
87	 1.39993177451951302664e-02
88	 1.34193843997835026566e-02
89	 1.28631666898210150762e-02
90	 1.23303775729924122023e-02
91	 1.18193714017835287133e-02
92	 1.13298878668749210957e-02
93	 1.08604123433455462822e-02
94	 1.04107088017093927373e-02
95	 9.97938319557049868802e-03
96	 9.56622154463812428282e-03
97	 9.16994077050440128951e-03
98	 8.79034691396029556343e-03
99	 8.42625902097667370261e-03
100	 8.07750130962204410112e-03
101	 7.74298681228793687914e-03
102	 7.42255624823659129752e-03
103	 7.11520914759861556470e-03
104	 6.82080120735890482048e-03
105	 6.53841156411604992882e-03
106	 6.26790950796189943323e-03
107	 6.00844744038466199026e-03
108	 5.75990698629566012789e-03
109	 5.52150797628532096634e-03
110	 5.29314322671882876020e-03
111	 5.07409462690136710272e-03
112	 4.86426514582322718633e-03
113	 4.66299378935516612571e-03
114	 4.47019273536608616887e-03
115	 4.28525355819101786553e-03
116	 4.10809678730632895499e-03
117	 3.93816238000055125063e-03
118	 3.77537843872697773118e-03
119	 3.61922945186461805442e-03
120	 3.46965038772247208812e-03
121	 3.32616672092516047279e-03
122	 3.18871964353487557728e-03
123	 3.05687235409367926570e-03
124	 2.93057168542621131885e-03
125	 2.80941555763678744301e-03
126	 2.69335591505800737294e-03
127	 2.58202263623185431646e-03
128	 2.47537229658926789116e-03
129	 2.37306419013041816971e-03
130	 2.27505908736930174616e-03
131	 2.18104335736906849649e-03
132	 2.09098157005661953317e-03
133	 2.00458501558887581054e-03
134	 1.92182170429698335329e-03
135	 1.84242586502056013807e-03
136	 1.76636862279697841663e-03
137	 1.69340532061494890986e-03
138	 1.62350990278282178263e-03
139	 1.55645714719400722267e-03
140	 1.49222354948324838556e-03
141	 1.43060177691006870822e-03
142	 1.37157063346077614553e-03
143	 1.31493925326958542056e-03
144	 1.26068852837679548466e-03
145	 1.20864275053903956134e-03
146	 1.15878470014596024820e-03
147	 1.11095262153831073927e-03
148	 1.06513100244817987376e-03
149	 1.02117093067109841048e-03
150	 9.79058437249705508162e-04
151	 9.38656432571538762270e-04
152	 8.99952342366832670761e-04
153	 8.62819959986328298591e-04
154	 8.27247971210456596938e-04
155	 7.93120187486669007970e-04
156	 7.60426432700153946340e-04
157	 7.29059740335462422994e-04
158	 6.99010961953539736863e-04
159	 6.70181620342847131355e-04
160	 6.42563494759410816157e-04
161	 6.16065922845409740666e-04
162	 5.90681521049184286160e-04
163	 5.66326821058184791402e-04
164	 5.42995194606640265399e-04
165	 5.20609795989336512217e-04
166	 4.99164678115587411716e-04
167	 4.78589091889362731359e-04
168	 4.58877704352613185589e-04
169	 4.39965378842737135558e-04
170	 4.21847335899802535365e-04
171	 4.04463605612189987856e-04
172	 3.87809907191829280476e-04
173	 3.71831027225165520068e-04
174	 3.56523134033557773104e-04
175	 3.41835393058505471273e-04
176	 3.27764376937948981143e-04
177	 3.14263282340363067288e-04
178	 3.01329045748424445474e-04
179	 2.88918575056199531965e-04
180	 2.77029134033132933695e-04
181	 2.65621047226217087914e-04
182	 2.54691872678153026065e-04
183	 2.44205080421996641778e-04
184	 2.34158492969470573026e-04
185	 2.24518476216841724943e-04
186	 2.15283090245842949166e-04
187	 2.06421367023572267969e-04
188	 1.97931579932193507567e-04
189	 1.89785215470645598178e-04
190	 1.81980738431265857405e-04
191	 1.74491895107710751067e-04
192	 1.67317321964762302788e-04
193	 1.60432845819578206873e-04
194	 1.53837257018580583290e-04
195	 1.47508297867496833292e-04
196	 1.41444896564129805015e-04
197	 1.35626558972388278979e-04
198	 1.30052336702828779703e-04
199	 1.24703359310015702514e-04
200	 1.19578788817204060158e-04
201	 1.14661249706176545109e-04
202	 1.09950002712722939065e-04
203	 1.05429048704005722784e-04
204	 1.01097736602466980928e-04
205	 9.69413345281316826902e-05
206	 9.29592701247268152339e-05
207	 8.91379782942882948867e-05
208	 8.54769568939623618047e-05
209	 8.19637151104297219297e-05
210	 7.85978133706328156586e-05
211	 7.53677499885701477744e-05
212	 7.22731410971899119891e-05
213	 6.93033957374535053301e-05
214	 6.64581795879708571526e-05
215	 6.37277402365840736805e-05
216	 6.11117873815568782032e-05
217	 5.86013407037792592356e-05
218	 5.61961489669835531462e-05
219	 5.38879427627784557235e-05
220	 5.16765054814710363996e-05
221	 4.95542222959702397282e-05
222	 4.75209072484420751614e-05
223	 4.55695482312690403537e-05
224	 4.36999863817396025649e-05
225	 4.19057645627833160666e-05
226	 4.01867478263033688665e-05
227	 3.85369900432471913895e-05
228	 3.69563773381359941925e-05
229	 3.54394341132492244695e-05
230	 3.39860650281728247316e-05
231	 3.25912277490018003180e-05
232	 3.12548432065177611517e-05
233	 2.99722680175943719937e-05
234	 2.87434373662569289914e-05
235	 2.75640752271449164306e-05
236	 2.64341292404361203976e-05
237	 2.53496616497163059607e-05
238	 2.43106309524837136836e-05
239	 2.33134108779596991505e-05
240	 2.23579693600118015911e-05
241	 2.14409669527961378819e-05
242	 2.05623797651295918323e-05
243	 1.97191324696590608296e-05
244	 1.89112082317942265702e-05
245	 1.81357749355668186641e-05
246	 1.73928218131024858815e-05
247	 1.66797407095156591716e-05
248	 1.59965260499699967345e-05
249	 1.53407759062720078951e-05
