1	 2.74424473779741162627e-01
2	 1.48320594027279956117e-01
3	 1.17871106170824996306e-01
4	 9.75028453476568524039e-02
5	 8.62642596070980482992e-02
6	 7.77209138966055007591e-02
7	 7.16732068375530717574e-02
8	 6.68837166356952700363e-02
9	 6.30920655159593335437e-02
10	 6.00176310529706227848e-02
11	 5.74593112865013078139e-02
12	 5.53489593856129336036e-02
13	 5.35482109832876723710e-02
14	 5.20421040448517460697e-02
15	 5.07368321251256276794e-02
16	 4.96319418474888557347e-02
17	 4.86629657304015680874e-02
18	 4.78335653915160294303e-02
19	 4.70984834528351201111e-02
20	 4.64624706875453458155e-02
21	 4.58930069415073721428e-02
22	 4.53950103544557698187e-02
23	 4.49445380927565793505e-02
24	 4.45464016334693804766e-02
25	 4.41825173676689691993e-02
26	 4.38575251372269880878e-02
27	 4.35573945277050803004e-02
28	 4.32865959214799589372e-02
29	 4.30339347782255701724e-02
30	 4.28037331875394180813e-02
31	 4.25868021520294445792e-02
32	 4.23873391598557636151e-02
33	 4.21975886193139901326e-02
34	 4.20216444068130454137e-02
35	 4.18527865251907479904e-02
36	 4.16950223512944917470e-02
37	 4.15423885303485423970e-02
38	 4.13988193977579271854e-02
39	 4.12589110158296454300e-02
40	 4.11265351065083564763e-02
41	 4.09967065497088070658e-02
42	 4.08732425079649866473e-02
43	 4.07514755983413926033e-02
44	 4.06351746709651823197e-02
45	 4.05199167762483949962e-02
46	 4.04094273435390768934e-02
47	 4.02994742159527227776e-02
48	 4.01937432836109789780e-02
49	 4.00881535631141747156e-02
50	 3.99863545347184518031e-02
51	 3.98843868430562575877e-02
52	 3.97858661256494730574e-02
53	 3.96869324036375828446e-02
54	 3.95911696155334114078e-02
55	 3.94948002311500470651e-02
56	 3.94013783113518478718e-02
57	 3.93071957646857136903e-02
58	 3.92157783468305570773e-02
59	 3.91234773029945845368e-02
60	 3.90337914607369676490e-02
61	 3.89431234768442061100e-02
62	 3.88549464715439302198e-02
63	 3.87657082323210749886e-02
64	 3.86788572653778417454e-02
65	 3.85908814608967171145e-02
66	 3.85052056982792614837e-02
67	 3.84183539056390868649e-02
68	 3.83337282328247708207e-02
69	 3.82478853282849640127e-02
70	 3.81642054319002027585e-02
71	 3.80792751795730188835e-02
72	 3.79964536527287385925e-02
73	 3.79123552034428754065e-02
74	 3.78303184457567664989e-02
75	 3.77469835441905168794e-02
76	 3.76656692822413402544e-02
77	 3.75830400282900628506e-02
78	 3.75023953230665535452e-02
79	 3.74204223691839282795e-02
80	 3.73404020077195142324e-02
81	 3.72590431009047415301e-02
82	 3.71796082924370635547e-02
83	 3.70988270899396746505e-02
84	 3.70199444045354805755e-02
85	 3.69397095079046985933e-02
86	 3.68613500089573914442e-02
87	 3.67816341729956738926e-02
88	 3.67037727053731513416e-02
89	 3.66245521877544832900e-02
90	 3.65471667913910558401e-02
91	 3.64684208158433664781e-02
92	 3.63914922408134292042e-02
93	 3.63132025523276932844e-02
94	 3.62367138563121984896e-02
95	 3.61588643511935384223e-02
96	 3.60828005640793092468e-02
97	 3.60053769810807153262e-02
98	 3.59297248244499697889e-02
99	 3.58527144859363267049e-02
100	 3.57774621375897827757e-02
101	 3.57008537318166119245e-02
102	 3.56259906273733786830e-02
103	 3.55497740246755247751e-02
104	 3.54752906897986136636e-02
105	 3.53994567868395962340e-02
106	 3.53253446948497626390e-02
107	 3.52498852821726826878e-02
108	 3.51761367327768637026e-02
109	 3.51010443817716955017e-02
110	 3.50276523974150655327e-02
111	 3.49529203635217874946e-02
112	 3.48798786004982236397e-02
113	 3.48055007400311020027e-02
114	 3.47328034119964851323e-02
115	 3.46587741104387864199e-02
116	 3.45864159223829570333e-02
117	 3.45127300323716038055e-02
118	 3.44407061234399403116e-02
119	 3.43673589109649152418e-02
120	 3.42956648047935061530e-02
121	 3.42226519023868733238e-02
122	 3.41512834638394366382e-02
123	 3.40786008297288139923e-02
124	 3.40075542271044833909e-02
125	 3.39351981094758586854e-02
126	 3.38644697814092163202e-02
127	 3.37924366870596334933e-02
128	 3.37220233134585198331e-02
129	 3.36503099802305319366e-02
130	 3.35802084566974717861e-02
131	 3.35088118291873363064e-02
132	 3.34390192444570660824e-02
133	 3.33679364525576102607e-02
134	 3.32984500685540169007e-02
135	 3.32276784084663129315e-02
136	 3.31584956426390006778e-02
137	 3.30880325600354172066e-02
138	 3.30191509696877022462e-02
139	 3.29489940447567630777e-02
140	 3.28804113131158995409e-02
141	 3.28105582472572251951e-02
142	 3.27422721710740188827e-02
143	 3.26727207750424700206e-02
144	 3.26047292535366073363e-02
145	 3.25354774368641075366e-02
146	 3.24677784618541340200e-02
147	 3.23988242233980566764e-02
148	 3.23314158704802387390e-02
149	 3.22627572899686632102e-02
150	 3.21956377106215399508e-02
151	 3.21272729410825783058e-02
152	 3.20604403555950281945e-02
153	 3.19923676165697612461e-02
154	 3.19258203076980620616e-02
155	 3.18580378791503693314e-02
156	 3.17917741864259875695e-02
157	 3.17242804032737898967e-02
158	 3.16582987178890690183e-02
159	 3.15910919650890728572e-02
160	 3.15253907252995430044e-02
161	 3.14584694334258049842e-02
162	 3.13930471204142275132e-02
163	 3.13264097616793649181e-02
164	 3.12612648958320235582e-02
165	 3.11949099805030605204e-02
166	 3.11300411180546257595e-02
167	 3.10639671912237395890e-02
168	 3.09993729212346205704e-02
169	 3.09335785599073875840e-02
170	 3.08692575015364727153e-02
171	 3.08037413120046468795e-02
172	 3.07396921120496810498e-02
173	 3.06744527275212980344e-02
174	 3.06106740581979300253e-02
175	 3.05457101366559229116e-02
176	 3.04822006935925524096e-02
177	 3.04175109158616140126e-02
178	 3.03542694162874590602e-02
179	 3.02898524842869151796e-02
180	 3.02268776653944748478e-02
181	 3.01627323005582044513e-02
182	 3.01000229180229221526e-02
183	 3.00361478598714579102e-02
184	 2.99737026865127612063e-02
185	 2.99100966913606845787e-02
186	 2.98479145159303363433e-02
187	 2.97845763557168449753e-02
188	 2.97226559818024142767e-02
189	 2.96595844430326965879e-02
190	 2.95979246880647035856e-02
191	 2.95351185708512056771e-02
192	 2.94737182652040803632e-02
193	 2.94111763823979230348e-02
194	 2.93500343685749315314e-02
195	 2.92877555449788211372e-02
196	 2.92268706768742288216e-02
197	 2.91648537485291944882e-02
198	 2.91042248907580798634e-02
199	 2.90424687042960781580e-02
200	 2.89820947315878006678e-02
201	 2.89205981436449800770e-02
202	 2.88604779402917427378e-02
203	 2.87992398169755886572e-02
204	 2.87393722763328932079e-02
205	 2.86783914927385592819e-02
206	 2.86187755167703894443e-02
207	 2.85580509565416980344e-02
208	 2.84986854554084637070e-02
209	 2.84382160103382637673e-02
210	 2.83790999020217191151e-02
211	 2.83188844716892561271e-02
212	 2.82600166816515917245e-02
213	 2.82000541730921816530e-02
214	 2.81414336339656304120e-02
215	 2.80817229613704137658e-02
216	 2.80233486126751155099e-02
217	 2.79638886971173145080e-02
218	 2.79057594850038170886e-02
219	 2.78465492541896224299e-02
220	 2.77886641312047252828e-02
221	 2.77297025192457420595e-02
222	 2.76720604441183480604e-02
223	 2.76133463913244871224e-02
224	 2.75559463287707306911e-02
225	 2.74974787814605235725e-02
226	 2.74403197020054584465e-02
227	 2.73820976123331297214e-02
228	 2.73251784921475053547e-02
229	 2.72672008179447415699e-02
230	 2.72105206386961916143e-02
231	 2.71527863433271357541e-02
232	 2.70963440920431765380e-02
233	 2.70388521442715586141e-02
234	 2.69826468132148729329e-02
235	 2.69253961870821179048e-02
236	 2.68694267736350883569e-02
237	 2.68124164483486658594e-02
238	 2.67566819549081222340e-02
239	 2.66999109147381778750e-02
240	 2.66444103486179577345e-02
241	 2.65878775828029961792e-02
242	 2.65326099561445025166e-02
243	 2.64763144588037180327e-02
244	 2.64212787884934262317e-02
245	 2.63652195585459998839e-02
246	 2.63104148661387829411e-02
247	 2.62545909072297925513e-02
248	 2.62000162188788382478e-02
249	 2.61444265393095086336e-02
250	 2.60900808857005180041e-02
251	 2.60347244983644907079e-02
252	 2.59806069146550321081e-02
253	 2.59254828369789754039e-02
254	 2.58715923627420019137e-02
255	 2.58166996166299053672e-02
256	 2.57630352958013522646e-02
257	 2.57083729075831268762e-02
258	 2.56549337884125032427e-02
259	 2.56005007887958220547e-02
260	 2.55472859238008824512e-02
261	 2.54930813478259320204e-02
262	 2.54400897937496588141e-02
263	 2.53861126807470201261e-02
264	 2.53333434985174230092e-02
265	 2.52795928920688146857e-02
266	 2.52270451467614988117e-02
267	 2.51735200946626783147e-02
268	 2.51211928554656224732e-02
269	 2.50678924096919449049e-02
270	 2.50157847498731558677e-02
271	 2.49627079665470930081e-02
272	 2.49108189634237968402e-02
273	 2.48579649027854711341e-02
274	 2.48062936376959586315e-02
275	 2.47536613640755159826e-02
276	 2.47022069223540204075e-02
277	 2.46497955041471115967e-02
278	 2.45985569751006744044e-02
279	 2.45463654847473677911e-02
280	 2.44953419616369579004e-02
281	 2.44433694756034033957e-02
282	 2.43925600556282699827e-02
283	 2.43408056543939731176e-02
284	 2.42902094386820074923e-02
285	 2.42386722067320127538e-02
286	 2.41882883003357307405e-02
287	 2.41369673261592233848e-02
288	 2.40867948380600396807e-02
289	 2.40356892141543460051e-02
290	 2.39857272572767642183e-02
291	 2.39348360801489544458e-02
292	 2.38850837713847491406e-02
293	 2.38344061415089771006e-02
294	 2.37848626017172215530e-02
295	 2.37343976232151920858e-02
296	 2.36850619768840392476e-02
297	 2.36348087551150436159e-02
298	 2.35856801258815633460e-02
299	 2.35356377437329934710e-02
