1	 2.66946525668390888253e-01
2	 1.40326182867088672390e-01
3	 1.10109683939250538320e-01
4	 8.97002323493522185638e-02
5	 7.83956959181205531584e-02
6	 6.96737975060976871822e-02
7	 6.35158816246578494802e-02
8	 5.85447118120028878185e-02
9	 5.46238787242750711837e-02
10	 5.13469130299959997110e-02
11	 4.86151730469932541467e-02
12	 4.62692388173134294682e-02
13	 4.42494124666022378700e-02
14	 4.24776137724775515458e-02
15	 4.09177143806680604365e-02
16	 3.95257774559596916641e-02
17	 3.82788266400640661558e-02
18	 3.71502904557059268620e-02
19	 3.61245710229663313795e-02
20	 3.51851317456183254606e-02
21	 3.43206308411649688161e-02
22	 3.35208040996993403282e-02
23	 3.27768419623031964649e-02
24	 3.20825979707036051947e-02
25	 3.14308131104075808016e-02
26	 3.08181349196416896896e-02
27	 3.02382791828006911028e-02
28	 2.96898357328585736636e-02
29	 2.91671490739518271540e-02
30	 2.86701851632280776960e-02
31	 2.81937050938163291658e-02
32	 2.77386649217858279048e-02
33	 2.73001103106674074261e-02
34	 2.68797185338053440384e-02
35	 2.64727366994458312988e-02
36	 2.60813724100924688998e-02
37	 2.57010214203088616092e-02
38	 2.53342837489515075589e-02
39	 2.49766700567769124597e-02
40	 2.46310715022937942731e-02
41	 2.42930920151606943858e-02
42	 2.39658383848821571194e-02
43	 2.36449939226787454738e-02
44	 2.33338239597861950292e-02
45	 2.30280822955656015727e-02
46	 2.27311490867809287697e-02
47	 2.24388429590794344359e-02
48	 2.21546250340573167015e-02
49	 2.18743751968188439305e-02
50	 2.16016090404227700805e-02
51	 2.13322654993279257896e-02
52	 2.10698937263583893631e-02
53	 2.08104903693989706781e-02
54	 2.05576215112656980610e-02
55	 2.03073407345306031213e-02
56	 2.00632177449989561324e-02
57	 1.98213626293637437681e-02
58	 1.95853380149880323957e-02
59	 1.93513102721448726484e-02
60	 1.91228263108848238472e-02
61	 1.88961086831933543217e-02
62	 1.86746815895540776986e-02
63	 1.84548237201887892212e-02
64	 1.82400308983200962198e-02
65	 1.80266379277695745764e-02
66	 1.78181076595481623082e-02
67	 1.76108309796214612675e-02
68	 1.74082340459315275394e-02
69	 1.72067637719999014245e-02
70	 1.70098066179719155377e-02
71	 1.68138654371968593315e-02
72	 1.66222845769150306960e-02
73	 1.64316227036883852342e-02
74	 1.62451801243927787533e-02
75	 1.60595711504335388053e-02
76	 1.58780505258474986807e-02
77	 1.56972879958342213802e-02
78	 1.55204915567384721387e-02
79	 1.53443861341989711694e-02
80	 1.51721320744815386244e-02
81	 1.50005091892387587560e-02
82	 1.48326295093775938766e-02
83	 1.46653273988607644324e-02
84	 1.45016661076083873405e-02
85	 1.43385341810507455779e-02
86	 1.41789457910939230983e-02
87	 1.40198432589957837358e-02
88	 1.38641915243838346333e-02
89	 1.37089862463471053033e-02
90	 1.35571430991524473353e-02
91	 1.34057106118385307297e-02
92	 1.32575552633223785193e-02
93	 1.31097779572767348527e-02
94	 1.29651961351541066686e-02
95	 1.28209625549105723369e-02
96	 1.26798458534434672906e-02
97	 1.25390500999290697287e-02
98	 1.24012954237524165163e-02
99	 1.22638366417667839942e-02
100	 1.21293457277570817382e-02
101	 1.19951276643627379598e-02
102	 1.18638066686397852106e-02
103	 1.17327372908020439307e-02
104	 1.16044964302265754541e-02
105	 1.14764875920883874932e-02
106	 1.13512408314808809634e-02
107	 1.12262079833362615755e-02
108	 1.11038727611665680173e-02
109	 1.09817346935706661171e-02
110	 1.08622316801206611481e-02
111	 1.07429102977043711836e-02
112	 1.06261631807335610311e-02
113	 1.05095833012178504345e-02
114	 1.03955185950071662265e-02
115	 1.02816077696758004234e-02
116	 1.01701546440199405014e-02
117	 1.00588429965369503122e-02
118	 9.94993312282851753714e-03
119	 9.84115320380471621242e-03
120	 9.73472061582599836049e-03
121	 9.62840727096518113337e-03
122	 9.52438823839198839272e-03
123	 9.42047848840060417230e-03
124	 9.31881140134532999497e-03
125	 9.21724433207971212412e-03
126	 9.11786959526667689646e-03
127	 9.01858625683376637083e-03
128	 8.92144619221983160851e-03
129	 8.82438950594631975333e-03
130	 8.72942826278313294130e-03
131	 8.63454293513394449677e-03
132	 8.54170640661939400973e-03
133	 8.44893884928396565748e-03
134	 8.35817459507666969676e-03
135	 8.26747285055594825776e-03
136	 8.17873002453186302707e-03
137	 8.09004369665449092619e-03
138	 8.00327297937225741464e-03
139	 7.91655316824824845101e-03
140	 7.83170670366335579249e-03
141	 7.74690594465040575228e-03
142	 7.66393728067994890740e-03
143	 7.58100948699332987529e-03
144	 7.49987351958448025813e-03
145	 7.41877392822924957433e-03
146	 7.33942684862858366057e-03
147	 7.26011196937206143565e-03
148	 7.18251121432946469658e-03
149	 7.10493878146617463543e-03
150	 7.02904298613845051474e-03
151	 6.95317191282796270152e-03
152	 6.87894086617401624706e-03
153	 6.80473120115699867116e-03
154	 6.73212580363872614003e-03
155	 6.65953869015708816576e-03
156	 6.58852091358050166725e-03
157	 6.51751855034568908231e-03
158	 6.44805139969245079412e-03
159	 6.37859700376145009187e-03
160	 6.31064448087675835403e-03
161	 6.24270225230869404975e-03
162	 6.17622932132309496178e-03
163	 6.10976440950110333272e-03
164	 6.04473696387540591207e-03
165	 5.97971543538886648322e-03
166	 5.91610026648086741174e-03
167	 5.85248907447168120743e-03
168	 5.79025384153174747792e-03
169	 5.72802079641675319227e-03
170	 5.66713399792718747899e-03
171	 5.60624773941538045302e-03
172	 5.54667868569485612851e-03
173	 5.48710865602492891407e-03
174	 5.42882744302543296389e-03
175	 5.37054386135406118530e-03
176	 5.31352134558316265001e-03
177	 5.25649518346006650038e-03
178	 5.20070295796607601213e-03
179	 5.14490591583614299831e-03
180	 5.09031628719783246773e-03
181	 5.03572077187432447926e-03
182	 4.98230673814091876150e-03
183	 4.92888584119787094562e-03
184	 4.87662107072791336376e-03
185	 4.82434854776151497008e-03
186	 4.77320735891146805119e-03
187	 4.72205760962215396331e-03
188	 4.67201495123581098112e-03
189	 4.62196300028103884694e-03
190	 4.57299443292815983170e-03
191	 4.52401591148718189295e-03
192	 4.47609758938982346677e-03
193	 4.42816871735744917171e-03
194	 4.38127737092260799434e-03
195	 4.33437493958942644118e-03
196	 4.28848785847615095873e-03
197	 4.24258921356421899590e-03
198	 4.19768423129985527448e-03
199	 4.15276726287459267001e-03
