1	 2.83301188125621883351e-01
2	 1.58741568625285128791e-01
3	 1.28363592846837792916e-01
4	 1.08476106943283440165e-01
5	 9.76806392245103266569e-02
6	 8.93652515012300363573e-02
7	 8.36924419581746431573e-02
8	 7.93217494189310118324e-02
9	 7.61360226381756349801e-02
10	 7.37002563469250637773e-02
11	 7.18840342864955905711e-02
12	 7.04996299954099292506e-02
13	 6.94582245223215599683e-02
14	 6.86644140273380138018e-02
15	 6.80651563495547479166e-02
16	 6.76073296160444869862e-02
17	 6.72613367396275585453e-02
18	 6.69957455340133012367e-02
19	 6.67951686139133526954e-02
20	 6.66399420171340933772e-02
21	 6.65230381268776260750e-02
22	 6.64313521962277969690e-02
23	 6.63627118394586879013e-02
24	 6.63077170913924512918e-02
25	 6.62669992669118190776e-02
26	 6.62332657123032436663e-02
27	 6.62087631339999121982e-02
28	 6.61874025296380480432e-02
29	 6.61723610729835348687e-02
30	 6.61582392417214559810e-02
31	 6.61487506949216125252e-02
32	 6.61388918136817521853e-02
33	 6.61326861955504607948e-02
34	 6.61253581030858544887e-02
35	 6.61211107044786111642e-02
36	 6.61152997962963367984e-02
37	 6.61122329733373759186e-02
38	 6.61073422183219294723e-02
39	 6.61049961331149904531e-02
40	 6.61006710294838456532e-02
41	 6.60987713442912072637e-02
42	 6.60947993405869571593e-02
43	 6.60931806339339761314e-02
44	 6.60894328078873022347e-02
45	 6.60879940763782897095e-02
46	 6.60843911732787309132e-02
47	 6.60830698532403337797e-02
48	 6.60795624042581491997e-02
49	 6.60783191153518217886e-02
50	 6.60748757218048848872e-02
51	 6.60736852417325576381e-02
52	 6.60702856155420403805e-02
53	 6.60691314932624895739e-02
54	 6.60657622823606072160e-02
55	 6.60646335885716889935e-02
56	 6.60612858437727296090e-02
57	 6.60601751860290381524e-02
58	 6.60568428032092952451e-02
59	 6.60557450960178316191e-02
60	 6.60524238434545690746e-02
61	 6.60513355339027163904e-02
62	 6.60480224347654437667e-02
63	 6.60469410064593864806e-02
64	 6.60436339397547922392e-02
65	 6.60425575892430033464e-02
66	 6.60392550271825667929e-02
67	 6.60381824489938012990e-02
68	 6.60348832809833502511e-02
69	 6.60338135222543337610e-02
70	 6.60305169348650439209e-02
71	 6.60294492953621969811e-02
72	 6.60261546891491857281e-02
73	 6.60250886514468643407e-02
74	 6.60217955824590613245e-02
75	 6.60207307625129274919e-02
76	 6.60174389006418921300e-02
77	 6.60163750123846648776e-02
78	 6.60130841113804184284e-02
79	 6.60120209411114572395e-02
80	 6.60087308168006425824e-02
81	 6.60076682045048906966e-02
82	 6.60043787188496489104e-02
83	 6.60033165444813274547e-02
84	 6.60000275938404934450e-02
85	 6.59989657671949531137e-02
86	 6.59956772736378510791e-02
87	 6.59946157268419542063e-02
88	 6.59913276316958785639e-02
89	 6.59902663136186229398e-02
90	 6.59869785726595325936e-02
91	 6.59859174447417762277e-02
92	 6.59826300246023345064e-02
93	 6.59815690577367497394e-02
94	 6.59782819332161984960e-02
95	 6.59772211054103496775e-02
96	 6.59739342574576642653e-02
97	 6.59728735520791198521e-02
98	 6.59695869662789147192e-02
99	 6.59685263707375374453e-02
100	 6.59652400361710744559e-02
101	 6.59641795409280362605e-02
102	 6.59608934493168541646e-02
103	 6.59598330471372201744e-02
104	 6.59565471921977203307e-02
105	 6.59554868775889674426e-02
106	 6.59522012545461916444e-02
107	 6.59511410233336176079e-02
108	 6.59478556285540140625e-02
109	 6.59467954775610765150e-02
110	 6.59435103082761098214e-02
111	 6.59424502350822866470e-02
112	 6.59391652891789387114e-02
113	 6.59381052919374016641e-02
114	 6.59348205678001175745e-02
115	 6.59337606450994123675e-02
116	 6.59304761414905987627e-02
117	 6.59294162922506588043e-02
118	 6.59261320082198953862e-02
119	 6.59250722316121889888e-02
120	 6.59217881664277000064e-02
121	 6.59207284618157779432e-02
122	 6.59174446149126819217e-02
123	 6.59163849818062419494e-02
124	 6.59131013527466946833e-02
125	 6.59120417907672895286e-02
126	 6.59087583792109937830e-02
127	 6.59076988880656772229e-02
128	 6.59044156937462072277e-02
129	 6.59033562732075639534e-02
130	 6.59000732959157814461e-02
131	 6.58990139458064394518e-02
132	 6.58957311853771710020e-02
133	 6.58946719055586854763e-02
134	 6.58913893618602169999e-02
135	 6.58903301522234530196e-02
136	 6.58870478251502439404e-02
137	 6.58859886856093951435e-02
138	 6.58827065750755697104e-02
139	 6.58816475055624961588e-02
140	 6.58783656114981103213e-02
141	 6.58773066119582584310e-02
142	 6.58740249343052058917e-02
143	 6.58729660046949300201e-02
144	 6.58696845434043470879e-02
145	 6.58686256836879951981e-02
146	 6.58653444387185954545e-02
147	 6.58642856488674682813e-02
148	 6.58610046201832249890e-02
149	 6.58599459001732584484e-02
150	 6.58566650877430159738e-02
151	 6.58556064375542399292e-02
152	 6.58523258413502288189e-02
153	 6.58512672609658372691e-02
154	 6.58479868809629664828e-02
155	 6.58469283703685959175e-02
156	 6.58436482065440503719e-02
157	 6.58425897657273634378e-02
158	 6.58393098180599378733e-02
159	 6.58382514470100266291e-02
160	 6.58349717154799035645e-02
161	 6.58339134141870951922e-02
162	 6.58306338987755257364e-02
163	 6.58295756672311882518e-02
164	 6.58262963679202145473e-02
165	 6.58252382061165347560e-02
166	 6.58219591228892675350e-02
167	 6.58209010308190012317e-02
168	 6.58176221636585928598e-02
169	 6.58165641413148289063e-02
170	 6.58132854902053338053e-02
171	 6.58122275375819937304e-02
172	 6.58089491025073830555e-02
173	 6.58078912195982357325e-02
174	 6.58046130005431328946e-02
175	 6.58035551873426272085e-02
176	 6.58002771842917250078e-02
177	 6.57992194407941571876e-02
178	 6.57959416537323010798e-02
179	 6.57948839799322726662e-02
180	 6.57916064088448632186e-02
181	 6.57905488047371839189e-02
182	 6.57872714496091082204e-02
183	 6.57862139151886848865e-02
184	 6.57829367760052879932e-02
185	 6.57818793112671384993e-02
186	 6.57786023880138764897e-02
187	 6.57775449929530187099e-02
188	 6.57742682856153060289e-02
189	 6.57732109602269104931e-02
190	 6.57699344687904252638e-02
191	 6.57688772130696208684e-02
192	 6.57656009375197775357e-02
193	 6.57645437514618180774e-02
194	 6.57612676917843086422e-02
195	 6.57602105753845034286e-02
196	 6.57569347315650615249e-02
197	 6.57558776848186227193e-02
198	 6.57526020568426627921e-02
199	 6.57515450797450523579e-02
200	 6.57482696675985578416e-02
201	 6.57472127601449046752e-02
202	 6.57439375638134565483e-02
203	 6.57428807259993891465e-02
204	 6.57396057454688736987e-02
205	 6.57385489772896874916e-02
206	 6.57352742125458383571e-02
207	 6.57342175139969259190e-02
208	 6.57309429650253934652e-02
209	 6.57298863361022306373e-02
210	 6.57266120028890260540e-02
211	 6.57255554435871719443e-02
212	 6.57222813261180566213e-02
213	 6.57212248364329315597e-02
214	 6.57179509346938472980e-02
215	 6.57168945146210797814e-02
216	 6.57136208285978851151e-02
217	 6.57125644781327844512e-02
218	 6.57092910078117403705e-02
219	 6.57082347269499628117e-02
220	 6.57049614723166919283e-02
221	 6.57039052610541157717e-02
222	 6.57006322220948235646e-02
223	 6.56995760804269524069e-02
224	 6.56963032571275806770e-02
225	 6.56952471850502095485e-02
226	 6.56919745773970192859e-02
227	 6.56909185749059432169e-02
228	 6.56876461828851815339e-02
229	 6.56865902499764453548e-02
230	 6.56833180735744842638e-02
231	 6.56822622102437997382e-02
232	 6.56789902494471222738e-02
233	 6.56779344556908534214e-02
234	 6.56746627104860397628e-02
235	 6.56736069863002452918e-02
236	 6.56703354566738617404e-02
237	 6.56692798020553358818e-02
238	 6.56660084879946148728e-02
239	 6.56649529029396800128e-02
240	 6.56616818044315070368e-02
241	 6.56606262889373182290e-02
242	 6.56573554059692171547e-02
243	 6.56562999600328739414e-02
244	 6.56530292925928127268e-02
245	 6.56519739162117199616e-02
246	 6.56487034642877498314e-02
247	 6.56476481574602976909e-02
248	 6.56443779210409555924e-02
249	 6.56433226837652566976e-02
250	 6.56400526628400649010e-02
251	 6.56389974951153837290e-02
252	 6.56357276896743363492e-02
253	 6.56346725915005202445e-02
254	 6.56314030015342081414e-02
255	 6.56303479729121175268e-02
256	 6.56270785984123250500e-02
257	 6.56260236393437640379e-02
258	 6.56227544803035522936e-02
259	 6.56216995907918099196e-02
260	 6.56184306472055167703e-02
261	 6.56173758272552837267e-02
262	 6.56141070991192454365e-02
263	 6.56130523487369471392e-02
264	 6.56097838360493873511e-02
265	 6.56087291552442386511e-02
266	 6.56054608580059761547e-02
267	 6.56044062467893013268e-02
268	 6.56011381650042357805e-02
269	 6.56000836233910783468e-02
270	 6.55968157570666066114e-02
271	 6.55957612850758403633e-02
272	 6.55924936342240638698e-02
273	 6.55914392318792394132e-02
274	 6.55881717965174082519e-02
275	 6.55871174638482934416e-02
276	 6.55838502440003467964e-02
277	 6.55827959810433014365e-02
278	 6.55795289767411027082e-02
279	 6.55784747835412712424e-02
280	 6.55752079948263844056e-02
281	 6.55741538714396526855e-02
282	 6.55708872983651741562e-02
283	 6.55698332448600013089e-02
284	 6.55665668874939044919e-02
285	 6.55655129039546674674e-02
286	 6.55622467623830640360e-02
287	 6.55611928489131939868e-02
288	 6.55579269232433037295e-02
289	 6.55568730799684362687e-02
290	 6.55536073703326116480e-02
291	 6.55525535974034456732e-02
292	 6.55492881039573677127e-02
293	 6.55482344015437395912e-02
294	 6.55449691244504306642e-02
295	 6.55439154927061340405e-02
296	 6.55406504320725502577e-02
297	 6.55395968708450821216e-02
298	 6.55363320263163406931e-02
299	 6.55352785306022173062e-02
