1	 2.60588601668273855960e-01
2	 1.33592411450501796777e-01
3	 1.03741362315646276637e-01
4	 8.33705656607676842684e-02
5	 7.20308926796772858170e-02
6	 6.32912556087472932820e-02
7	 5.70659871247519573378e-02
8	 5.20971758018243524813e-02
9	 4.81493539103770781806e-02
10	 4.48594897609024337304e-02
11	 4.20831485353640247227e-02
12	 3.96822909892705286139e-02
13	 3.75782588422590296817e-02
14	 3.57078834074175607838e-02
15	 3.40266193369411981684e-02
16	 3.25022607494537124628e-02
17	 3.11073622060390568567e-02
18	 2.98245996864137247195e-02
19	 2.86354184545605204570e-02
20	 2.75304168047239700146e-02
21	 2.64959554576049312324e-02
22	 2.55271663943065288405e-02
23	 2.46133284706299589051e-02
24	 2.37523062840615493962e-02
25	 2.29352429941640928446e-02
26	 2.21617091707264728118e-02
27	 2.14241255423926781065e-02
28	 2.07231488936696107983e-02
29	 2.00521321169630228898e-02
30	 1.94124263809947808501e-02
31	 1.87981016959801357225e-02
32	 1.82109468922852582584e-02
33	 1.76456077160621928324e-02
34	 1.71041380489730006353e-02
35	 1.65816615390436059019e-02
36	 1.60803790649079215991e-02
37	 1.55958212611895692679e-02
38	 1.51302545187620169492e-02
39	 1.46795629206365359221e-02
40	 1.42460220278789757159e-02
41	 1.38258275228350518971e-02
42	 1.34212254074980216062e-02
43	 1.30286892831311274660e-02
44	 1.26504093633588998724e-02
45	 1.22831093965299655013e-02
46	 1.19289065235187417835e-02
47	 1.15847512744138587265e-02
48	 1.12526768603901858312e-02
49	 1.09298406034562915756e-02
50	 1.06181855483852231187e-02
51	 1.03150584663304952654e-02
52	 1.00223093091675145849e-02
53	 9.73745907325874668348e-03
54	 9.46226404532499176803e-03
55	 9.19440595007292756080e-03
56	 8.93554849065837132616e-03
57	 8.68352205393586873416e-03
58	 8.43989998088025446255e-03
59	 8.20265045673771071855e-03
60	 7.97325944428810620690e-03
61	 7.74982308732028585263e-03
62	 7.53374344084994148479e-03
63	 7.32323564956901922052e-03
64	 7.11962161628725519191e-03
65	 6.92122729717100683422e-03
66	 6.72929833773308182926e-03
67	 6.54226399149347628142e-03
68	 6.36129757639636306266e-03
69	 6.18492472784899858379e-03
70	 6.01425032685695172552e-03
71	 5.84789000990059478630e-03
72	 5.68688402134742785471e-03
73	 5.52993209853705307288e-03
74	 5.37801352470419595508e-03
75	 5.22990667228707527964e-03
76	 5.08653339197156096479e-03
77	 4.94674562018432469046e-03
78	 4.81141114362890719158e-03
79	 4.67945075160143553195e-03
80	 4.55168136883400513415e-03
81	 4.42708825591936992738e-03
82	 4.30644050924745315501e-03
83	 4.18878378172487467884e-03
84	 4.07484220815854461528e-03
85	 3.96371803333947936993e-03
86	 3.85609313420844914896e-03
87	 3.75112280399580826085e-03
88	 3.64944920783839702252e-03
89	 3.55027738148440061283e-03
90	 3.45421217306473692793e-03
91	 3.36050527480413795470e-03
92	 3.26972646834639349422e-03
93	 3.18117122017017072214e-03
94	 3.09537635895508478345e-03
95	 3.01167843235642870847e-03
96	 2.93058329998524590490e-03
97	 2.85146607329578522308e-03
98	 2.77480350440172888332e-03
99	 2.70000691452586000924e-03
100	 2.62752569466421061553e-03
101	 2.55680517375217160672e-03
102	 2.48826901974878288842e-03
103	 2.42139450873047907403e-03
104	 2.35658112200784908979e-03
105	 2.29333615401991356211e-03
106	 2.23203634042004432636e-03
107	 2.17221718805923587683e-03
108	 2.11423403849720237951e-03
109	 2.05764891957113281104e-03
110	 2.00279704652340639209e-03
111	 1.94926538357934487494e-03
112	 1.89737020896802604554e-03
113	 1.84672193839078495163e-03
114	 1.79761902889219102319e-03
115	 1.74969395579245871539e-03
116	 1.70322840199546663570e-03
117	 1.65787559747728862475e-03
118	 1.61390143365656817120e-03
119	 1.57097867136906104053e-03
120	 1.52935833293245480174e-03
121	 1.48873156208597073186e-03
122	 1.44933537801197973721e-03
123	 1.41087823028021564463e-03
124	 1.37358394808757009256e-03
125	 1.33717727603044952284e-03
126	 1.30186961702225879357e-03
127	 1.26740106185438947996e-03
128	 1.23397130455834137634e-03
129	 1.20133489125804834852e-03
130	 1.16968048114511006391e-03
131	 1.13877623905252666967e-03
132	 1.10880042276182344194e-03
133	 1.07953402995334063821e-03
134	 1.05114551238285106570e-03
135	 1.02342796223566737807e-03
136	 9.96540584978440873581e-04
137	 9.70287873454214028733e-04
138	 9.44820313169626811028e-04
139	 9.19953145451816328183e-04
140	 8.95828630862087601713e-04
141	 8.72272146078483402026e-04
142	 8.49418192373117006758e-04
143	 8.27101705224207164532e-04
144	 8.05449864740230775731e-04
145	 7.84306622936247637735e-04
146	 7.63792251060676921984e-04
147	 7.43759207545996751595e-04
148	 7.24321242859558844795e-04
149	 7.05338841873281172448e-04
150	 6.86919599621514469744e-04
151	 6.68931575707986270790e-04
152	 6.51476553748076806123e-04
153	 6.34429742891165840413e-04
154	 6.17887439320446139358e-04
155	 6.01731601431251144664e-04
156	 5.86053343156729602409e-04
157	 5.70740995196047560221e-04
158	 5.55880776753989820291e-04
159	 5.41367035818951167214e-04
160	 5.27281367799567923967e-04
161	 5.13523803548466910816e-04
162	 5.00171570023598952882e-04
163	 4.87130065854427278180e-04
164	 4.74472390245914935492e-04
165	 4.62109012682674832884e-04
166	 4.50109131546146340810e-04
167	 4.38388007322915119676e-04
168	 4.27011151556145164901e-04
169	 4.15898351922266496569e-04
170	 4.05111634939360140423e-04
171	 3.94575066740202376730e-04
172	 3.84347379182694084965e-04
173	 3.74356682299396403141e-04
174	 3.64658592883183754578e-04
175	 3.55185043641773675206e-04
176	 3.45988705764708429514e-04
177	 3.37005125950109963792e-04
178	 3.28284189709222753561e-04
179	 3.19764860843105075058e-04
180	 3.11494390132969274816e-04
181	 3.03414972696218444240e-04
182	 2.95571367080927239080e-04
183	 2.87908824381917136624e-04
184	 2.80469745452755121490e-04
185	 2.73202271861572104032e-04
186	 2.66146573810727702421e-04
187	 2.59253527097255416067e-04
188	 2.52561191254960324543e-04
189	 2.46023028785263830898e-04
190	 2.39675101883685392210e-04
191	 2.33473320444602946500e-04
192	 2.27451856386652308479e-04
193	 2.21568935422910250066e-04
194	 2.15856940348025820369e-04
195	 2.10276288409686395921e-04
196	 2.04857668861608345793e-04
197	 1.99563573072236867924e-04
198	 1.94423087085911688648e-04
199	 1.89400665453613920898e-04
200	 1.84523876389684694972e-04
201	 1.79759032794175128891e-04
202	 1.75132265760094855619e-04
203	 1.70611647459219034281e-04
204	 1.66221948165936125744e-04
205	 1.61932905674701054606e-04
206	 1.57768001587103547578e-04
207	 1.53698550791249460455e-04
208	 1.49746814439236509801e-04
209	 1.45885600813807020729e-04
210	 1.42136015138939210932e-04
211	 1.38472279950176835198e-04
212	 1.34914405570455287874e-04
213	 1.31437953946718122681e-04
214	 1.28061898229139456938e-04
215	 1.24763068993440583675e-04
216	 1.21559456830619901937e-04
217	 1.18429093993846831908e-04
218	 1.15389040187236638422e-04
219	 1.12418466007167025100e-04
220	 1.09533549165225538129e-04
221	 1.06714538682126122249e-04
222	 1.03976776547262550628e-04
223	 1.01301533512171044213e-04
224	 9.87033596354146085770e-05
225	 9.61644937521899953806e-05
226	 9.36987354393407028243e-05
227	 9.12892408462348959718e-05
228	 8.89490983037474850512e-05
229	 8.66623332246380594871e-05
230	 8.44413598377299933536e-05
231	 8.22710273372563452923e-05
232	 8.01631110166818751763e-05
233	 7.81032407973882757341e-05
234	 7.61025863350479349866e-05
235	 7.41475175182521902125e-05
236	 7.22486298952967057789e-05
237	 7.03929947307995883439e-05
238	 6.85906633251622324925e-05
239	 6.68293717781036030780e-05
240	 6.51186554214744811901e-05
241	 6.34468805876346460086e-05
242	 6.18230934247809127803e-05
243	 6.02362577284371676547e-05
244	 5.86949558344878165664e-05
245	 5.71887179655822453688e-05
246	 5.57256866794461394577e-05
247	 5.42959292293001763311e-05
248	 5.29071711637863509271e-05
249	 5.15499889209332853445e-05
250	 5.02317126123929234578e-05
251	 4.89434014822924480428e-05
252	 4.76920106447240312281e-05
253	 4.64690571591875039182e-05
254	 4.52811405097376432050e-05
255	 4.41202118938296828483e-05
256	 4.29925335184972619838e-05
257	 4.18904682845083319725e-05
258	 4.08199585146214237539e-05
259	 3.97737575544193552304e-05
260	 3.87575043261161419255e-05
261	 3.77643224748039937726e-05
262	 3.67995631453082018645e-05
263	 3.58567011906327890607e-05
264	 3.49408147865853770174e-05
265	 3.40457118999767433974e-05
266	 3.31762117744699176064e-05
267	 3.23264383409363245648e-05
268	 3.15009652171975432829e-05
269	 3.06942160425738194392e-05
270	 2.99105314234777159145e-05
271	 2.91446192987177908997e-05
272	 2.84005992224578869142e-05
273	 2.76734488257907294037e-05
274	 2.69670779491345444744e-05
275	 2.62767200679643245361e-05
276	 2.56060860595406228823e-05
277	 2.49506521149722104117e-05
278	 2.43139403420086247672e-05
279	 2.36916571998225985443e-05
280	 2.30871456926633857661e-05
281	 2.24963307454549118667e-05
282	 2.19223854250490350745e-05
283	 2.13614419310829057902e-05
284	 2.08165120854442816831e-05
285	 2.02839247505686878466e-05
286	 1.97665387469762742119e-05
287	 1.92608695366853531288e-05
288	 1.87696307571112039011e-05
289	 1.82895149265490934601e-05
290	 1.78230979144854611912e-05
291	 1.73672402448487323153e-05
292	 1.69243870523463459999e-05
293	 1.64915582827691337305e-05
294	 1.60710750071073968251e-05
295	 1.56601084517041965654e-05
296	 1.52608619516844555748e-05
297	 1.48706502919843471287e-05
298	 1.44915650743809272603e-05
299	 1.41210573179143266016e-05
300	 1.37611125851250174753e-05
301	 1.34093111814219099635e-05
302	 1.30675380318448495408e-05
303	 1.27334961375734057292e-05
304	 1.24089749106910712573e-05
305	 1.20917937961094594691e-05
306	 1.17836515546905213329e-05
307	 1.14824781440052915064e-05
308	 1.11898862862425968213e-05
309	 1.09039108248618884172e-05
310	 1.06260828196472562410e-05
311	 1.03545366616929911439e-05
312	 1.00907259005939218670e-05
313	 9.83287941039048978323e-06
314	 9.58237717023556401696e-06
315	 9.33753773182695374802e-06
316	 9.09967124213179744021e-06
317	 8.86718137119592620418e-06
318	 8.64131198096754668514e-06
319	 8.42054753379496122312e-06
320	 8.20606897254214743827e-06
321	 7.99643744702946594554e-06
322	 7.79277417508106632314e-06
323	 7.59371309895672509335e-06
324	 7.40031874244851889193e-06
325	 7.21129414420081015706e-06
326	 7.02765001033696262055e-06
327	 6.84815496855437972528e-06
328	 6.67376863698107135759e-06
329	 6.50332190404032967491e-06
330	 6.33772589038841628254e-06
331	 6.17587058663999549028e-06
332	 6.01862107450154627569e-06
333	 5.86492344930490157448e-06
334	 5.71559908710393320348e-06
335	 5.56964734325631757395e-06
336	 5.42784810266041818752e-06
337	 5.28925128094442966180e-06
338	 5.15459737363965414184e-06
339	 5.02298429438601240477e-06
340	 4.89511514420372987569e-06
341	 4.77013340292890218711e-06
342	 4.64870667047067747974e-06
343	 4.53002168480181168707e-06
344	 4.41471234185790380639e-06
345	 4.30200644710372749168e-06
346	 4.19250589830155568857e-06
347	 4.08547748916562212206e-06
348	 3.98149273841823992022e-06
349	 3.87985545448108622125e-06
350	 3.78110831393254481691e-06
351	 3.68459026665319146871e-06
352	 3.59081660593727285509e-06
353	 3.49915964504129236337e-06
354	 3.41010867878356275978e-06
355	 3.32306769601597008865e-06
356	 3.23850130761680745774e-06
357	 3.15584357594275160684e-06
358	 3.07553567578064880904e-06
359	 2.99704022221650147556e-06
360	 2.92077613850743001502e-06
361	 2.84623314885890445913e-06
362	 2.77380904949898300511e-06
363	 2.70301930337229684756e-06
364	 2.63424164717748569684e-06
365	 2.56701598171388826108e-06
366	 2.50170099755244741325e-06
367	 2.43785979841681395676e-06
368	 2.37583299080807854400e-06
369	 2.31520570903792308350e-06
370	 2.25630138886445160410e-06
371	 2.19872608225776543751e-06
372	 2.14278692130791080986e-06
373	 2.08810981909636959221e-06
374	 2.03498642722024804377e-06
375	 1.98306151683896354646e-06
376	 1.93261204056366356130e-06
377	 1.88330067538988359728e-06
378	 1.83539041689923092857e-06
379	 1.78856094389048828077e-06
380	 1.74306199933094931600e-06
381	 1.69858940554832627948e-06
382	 1.65538032167628861855e-06
383	 1.61314589873070028921e-06
384	 1.57211134696718989031e-06
385	 1.53200237247647787904e-06
386	 1.49303283948381097654e-06
387	 1.45494227467581166324e-06
388	 1.41793376861694629586e-06
389	 1.38175997125911331473e-06
390	 1.34661374294459995359e-06
391	 1.31226019482372253599e-06
392	 1.27888247299149599937e-06
393	 1.24625752120208342434e-06
394	 1.21455926119484098772e-06
395	 1.18357587247953893712e-06
396	 1.15347251746903050843e-06
397	 1.12404804444217487104e-06
398	 1.09545929764750881209e-06
399	 1.06751525152611640762e-06
