0	 1.00000000355721052614e+00	 0.00000000000000000000e+00
1	 5.00864851521596765593e-01	 0.00000000000000000000e+00
2	 3.70881449436299692746e-01	 0.00000000000000000000e+00
3	 1.92498364715479763909e-01	 0.00000000000000000000e+00
4	 1.72872977575804914752e-01	 0.00000000000000000000e+00
5	 9.70526873571123799289e-02	 0.00000000000000000000e+00
6	 9.12120693914922064938e-02	 0.00000000000000000000e+00
7	 5.26393335087679756223e-02	 0.00000000000000000000e+00
8	 5.06255308229015682508e-02	 0.00000000000000000000e+00
9	 2.95954117514198346284e-02	 0.00000000000000000000e+00
10	 2.88753843844503574334e-02	 0.00000000000000000000e+00
11	 1.69966529065851586211e-02	 0.00000000000000000000e+00
12	 1.67345850559744123431e-02	 0.00000000000000000000e+00
13	 9.88804404092373870339e-03	 0.00000000000000000000e+00
14	 9.79043491912128666099e-03	 0.00000000000000000000e+00
15	 5.79740575317890059065e-03	 0.00000000000000000000e+00
16	 5.75974168829226137317e-03	 0.00000000000000000000e+00
17	 3.41478626112864773468e-03	 0.00000000000000000000e+00
18	 3.39950982373035540465e-03	 0.00000000000000000000e+00
19	 2.01685168144551682859e-03	 0.00000000000000000000e+00
20	 2.01025586718298412969e-03	 0.00000000000000000000e+00
21	 1.19309238782083900862e-03	 0.00000000000000000000e+00
22	 1.19004174195700947528e-03	 0.00000000000000000000e+00
23	 7.06439260542782447756e-04	 0.00000000000000000000e+00
24	 7.04931928966672687389e-04	 0.00000000000000000000e+00
25	 4.18511240551669341358e-04	 0.00000000000000000000e+00
26	 4.17723715227579634173e-04	 0.00000000000000000000e+00
27	 2.48011886619992614512e-04	 0.00000000000000000000e+00
28	 2.47582649438605041734e-04	 0.00000000000000000000e+00
29	 1.46998815050102216119e-04	 0.00000000000000000000e+00
30	 1.46757889800020575270e-04	 0.00000000000000000000e+00
31	 8.71361193545050396331e-05	 0.00000000000000000000e+00
32	 8.69982088327161305836e-05	 0.00000000000000000000e+00
33	 5.16542969165669662484e-05	 0.00000000000000000000e+00
34	 5.15743512788929006846e-05	 0.00000000000000000000e+00
35	 3.06215738172408515104e-05	 0.00000000000000000000e+00
36	 3.05748619994543959248e-05	 0.00000000000000000000e+00
37	 1.81532777898895380261e-05	 0.00000000000000000000e+00
38	 1.81258485003157547414e-05	 0.00000000000000000000e+00
39	 1.07618145225844315379e-05	 0.00000000000000000000e+00
40	 1.07456577690640372780e-05	 0.00000000000000000000e+00
41	 6.37994386739261892637e-06	 0.00000000000000000000e+00
42	 6.37040819129849418729e-06	 0.00000000000000000000e+00
43	 3.78223081542629225240e-06	 0.00000000000000000000e+00
44	 3.77659575461779325282e-06	 0.00000000000000000000e+00
45	 2.24222112895990250829e-06	 0.00000000000000000000e+00
46	 2.23888837459600058228e-06	 0.00000000000000000000e+00
47	 1.32925353401795659839e-06	 0.00000000000000000000e+00
48	 1.32728139189348775543e-06	 0.00000000000000000000e+00
49	 7.88017950703722926531e-07	 0.00000000000000000000e+00
50	 7.86850528059422793519e-07	 0.00000000000000000000e+00
51	 4.67157561734730833285e-07	 0.00000000000000000000e+00
52	 4.66466440384448002858e-07	 0.00000000000000000000e+00
53	 2.76942647140363375221e-07	 0.00000000000000000000e+00
54	 2.76533426423300204443e-07	 0.00000000000000000000e+00
55	 1.64178257930182183348e-07	 0.00000000000000000000e+00
56	 1.63935962542163277793e-07	 0.00000000000000000000e+00
57	 9.73287293325215047088e-08	 0.00000000000000000000e+00
58	 9.71852736488635449216e-08	 0.00000000000000000000e+00
59	 5.76987338768163498175e-08	 0.00000000000000000000e+00
60	 5.76138006765662081029e-08	 0.00000000000000000000e+00
61	 3.42051494592570408302e-08	 0.00000000000000000000e+00
62	 3.41548655384809704208e-08	 0.00000000000000000000e+00
63	 2.02776133481951279616e-08	 0.00000000000000000000e+00
64	 2.02478450399112335556e-08	 0.00000000000000000000e+00
65	 1.20210520222116330832e-08	 0.00000000000000000000e+00
66	 1.20034303750778189765e-08	 0.00000000000000000000e+00
67	 7.12637303804553058435e-09	 0.00000000000000000000e+00
68	 7.11594251242463796394e-09	 0.00000000000000000000e+00
69	 4.22469333201856053995e-09	 0.00000000000000000000e+00
70	 4.21851983277203680659e-09	 0.00000000000000000000e+00
71	 2.50450846324552981542e-09	 0.00000000000000000000e+00
72	 2.50085491704061670494e-09	 0.00000000000000000000e+00
73	 1.48474072042854540635e-09	 0.00000000000000000000e+00
74	 1.48257876300878874559e-09	 0.00000000000000000000e+00
75	 8.80196573329589883261e-10	 0.00000000000000000000e+00
76	 8.78917419986018667800e-10	 0.00000000000000000000e+00
77	 5.21806851696416958058e-10	 0.00000000000000000000e+00
78	 5.21050096039002836030e-10	 0.00000000000000000000e+00
79	 3.09343526902159799401e-10	 0.00000000000000000000e+00
80	 3.08895905024049910150e-10	 0.00000000000000000000e+00
81	 1.83389120647474418053e-10	 0.00000000000000000000e+00
82	 1.83124383128111238999e-10	 0.00000000000000000000e+00
83	 1.08719532777186166970e-10	 0.00000000000000000000e+00
84	 1.08562964560858236632e-10	 0.00000000000000000000e+00
85	 6.44529790982251532999e-11	 0.00000000000000000000e+00
86	 6.43603480869802694623e-11	 0.00000000000000000000e+00
87	 3.82102232696770638819e-11	 0.00000000000000000000e+00
88	 3.81554217114754483380e-11	 0.00000000000000000000e+00
89	 2.26525633028357920795e-11	 0.00000000000000000000e+00
90	 2.26201287266924415599e-11	 0.00000000000000000000e+00
91	 1.34293807131865856391e-11	 0.00000000000000000000e+00
92	 1.34101763486626464847e-11	 0.00000000000000000000e+00
93	 7.96150430194354810241e-12	 0.00000000000000000000e+00
94	 7.95013015970352314418e-12	 0.00000000000000000000e+00
95	 4.71991865621795622073e-12	 0.00000000000000000000e+00
96	 4.71318064703872883725e-12	 0.00000000000000000000e+00
97	 2.79816874076106067004e-12	 0.00000000000000000000e+00
98	 2.79417640617663120038e-12	 0.00000000000000000000e+00
99	 1.65887272226837510544e-12	 0.00000000000000000000e+00
100	 1.65650680531856529808e-12	 0.00000000000000000000e+00
101	 9.83448945022100597653e-13	 0.00000000000000000000e+00
102	 9.82046770292214025990e-13	 0.00000000000000000000e+00
103	 5.83028808567701620593e-13	 0.00000000000000000000e+00
104	 5.82197801698794743730e-13	 0.00000000000000000000e+00
105	 3.45642856198127397091e-13	 0.00000000000000000000e+00
106	 3.45150358549538174196e-13	 0.00000000000000000000e+00
107	 2.04910492951989282246e-13	 0.00000000000000000000e+00
108	 2.04618388951947866040e-13	 0.00000000000000000000e+00
109	 1.21478550609906003357e-13	 0.00000000000000000000e+00
110	 1.21305349640104395212e-13	 0.00000000000000000000e+00
111	 7.20168623731101193049e-14	 0.00000000000000000000e+00
112	 7.19142049800028683285e-14	 0.00000000000000000000e+00
113	 4.26941470094614623151e-14	 0.00000000000000000000e+00
114	 4.26333184644892332659e-14	 0.00000000000000000000e+00
115	 2.53105874398886347524e-14	 0.00000000000000000000e+00
116	 2.52745525759494327479e-14	 0.00000000000000000000e+00
117	 1.50049946584405379918e-14	 0.00000000000000000000e+00
118	 1.49836498375984948576e-14	 0.00000000000000000000e+00
119	 8.89546995867664813577e-15	 0.00000000000000000000e+00
120	 8.88283539776692236297e-15	 0.00000000000000000000e+00
121	 5.27352859697921945096e-15	 0.00000000000000000000e+00
122	 5.26605784346448127752e-15	 0.00000000000000000000e+00
123	 3.12631355861116133075e-15	 0.00000000000000000000e+00
124	 3.12190567420854085222e-15	 0.00000000000000000000e+00
125	 1.85336230544489327759e-15	 0.00000000000000000000e+00
126	 1.85077720570577785869e-15	 0.00000000000000000000e+00
127	 1.09865920192855619513e-15	 0.00000000000000000000e+00
