1	 2.91837910206005135549e-01
2	 1.66967816107935873582e-01
3	 1.35630140147757038971e-01
4	 1.15045802660776741444e-01
5	 1.03773110288973860471e-01
6	 9.52170411748804873531e-02
7	 8.93011884658131277481e-02
8	 8.45885576885428286387e-02
9	 8.09427552587735910095e-02
10	 7.79899484533348869020e-02
11	 7.55883795179560502575e-02
12	 7.36293948237948941982e-02
13	 7.19993118564139916726e-02
14	 7.06639665593486870909e-02
15	 6.95400494465254759291e-02
16	 6.86164048425388639618e-02
17	 6.78339196881343753365e-02
18	 6.71891265383975505587e-02
19	 6.66404964328546761676e-02
20	 6.61872939643293189960e-02
21	 6.58003685247406794323e-02
22	 6.54799903662517529535e-02
23	 6.52056342628250656945e-02
24	 6.49779341334928706164e-02
25	 6.47823640156630631282e-02
26	 6.46196696255396663133e-02
27	 6.44795037520888569826e-02
28	 6.43626219210100408707e-02
29	 6.42615956362002638258e-02
30	 6.41771494580807427832e-02
31	 6.41039002931969165155e-02
32	 6.40425272787282229281e-02
33	 6.39890859373749565364e-02
34	 6.39442072070133676887e-02
35	 6.39049623950853767917e-02
36	 6.38719366324067699958e-02
37	 6.38429214470396105829e-02
38	 6.38184606781062452319e-02
39	 6.37968587933295250281e-02
40	 6.37786235098478787586e-02
41	 6.37624263631442339539e-02
42	 6.37487440615165379398e-02
43	 6.37365121719840055370e-02
44	 6.37261811206668166152e-02
45	 6.37168774365334811272e-02
46	 6.37090294707747251124e-02
47	 6.37019026725538228817e-02
48	 6.36959069755375639765e-02
49	 6.36904095108746515219e-02
50	 6.36858049239631407445e-02
51	 6.36815352481433644138e-02
52	 6.36779824879331185494e-02
53	 6.36746442160966569235e-02
54	 6.36718920175311786647e-02
55	 6.36692649237739771717e-02
56	 6.36671259522013366361e-02
57	 6.36650452913439940383e-02
58	 6.36633789279095613223e-02
59	 6.36617206224602688591e-02
60	 6.36604206014740048314e-02
61	 6.36590905762494940756e-02
62	 6.36580760600887335388e-02
63	 6.36570025211268125664e-02
64	 6.36562116203543831849e-02
65	 6.36553394326813126725e-02
66	 6.36547244731891087577e-02
67	 6.36540110416697613172e-02
68	 6.36535350860311516241e-02
69	 6.36529473180511423669e-02
70	 6.36525815919900261886e-02
71	 6.36520936429960937364e-02
72	 6.36518156187118877565e-02
73	 6.36514072075436143638e-02
74	 6.36511991665718313005e-02
75	 6.36508543080483296661e-02
76	 6.36507022564024027567e-02
77	 6.36504083014180488398e-02
78	 6.36503011452100864176e-02
79	 6.36500480489570336085e-02
80	 6.36499769639116003139e-02
81	 6.36497567244775491746e-02
82	 6.36497146707455108139e-02
83	 6.36495208958179209402e-02
84	 6.36495022424131973171e-02
85	 6.36493298129549300857e-02
86	 6.36493300454471361283e-02
87	 6.36491748532572176877e-02
88	 6.36491903451073814946e-02
89	 6.36490490870352393360e-02
90	 6.36490769198795880435e-02
91	 6.36489469357439663355e-02
92	 6.36489847575509581912e-02
93	 6.36488639019677504560e-02
94	 6.36489098146580944970e-02
95	 6.36487963553138691442e-02
96	 6.36488488254197959382e-02
97	 6.36487413620764747035e-02
98	 6.36487991495010702048e-02
99	 6.36486965493215373080e-02
100	 6.36487586503795138571e-02
101	 6.36486599961562926620e-02
102	 6.36487255979254207272e-02
103	 6.36486301465468834460e-02
104	 6.36486985902097873735e-02
105	 6.36486057392747078820e-02
106	 6.36486764906269708586e-02
107	 6.36485857515656228145e-02
108	 6.36486583772531283598e-02
109	 6.36485693536542329607e-02
110	 6.36486435020006263708e-02
111	 6.36485558721147925976e-02
112	 6.36486312576346746628e-02
113	 6.36485447602342796491e-02
114	 6.36486211511114868822e-02
115	 6.36485355740523950363e-02
116	 6.36486127820058561477e-02
117	 6.36485279529672015597e-02
118	 6.36486058250452374496e-02
119	 6.36485216040290485706e-02
120	 6.36486000159583592550e-02
121	 6.36485162892079098240e-02
122	 6.36485951400022204050e-02
123	 6.36485118150712236851e-02
124	 6.36485910226575191118e-02
125	 6.36485080244097722879e-02
126	 6.36485875220792474138e-02
127	 6.36485047894413263903e-02
128	 6.36485845229679408908e-02
129	 6.36485020062934059304e-02
130	 6.36485819315951023567e-02
131	 6.36484995905231554225e-02
132	 6.36485796717621982177e-02
133	 6.36484974734792680051e-02
134	 6.36485776815183534882e-02
135	 6.36484955993455447931e-02
136	 6.36485759104941789532e-02
137	 6.36484939227393714534e-02
138	 6.36485743177348795019e-02
139	 6.36484924067601542941e-02
140	 6.36485728699394820440e-02
141	 6.36484910214027421738e-02
142	 6.36485715400296192534e-02
143	 6.36484897422682771584e-02
144	 6.36485703059859186936e-02
145	 6.36484885495167546088e-02
146	 6.36485691499032862906e-02
147	 6.36484874270140943420e-02
148	 6.36485680572205364536e-02
149	 6.36484863616400553532e-02
150	 6.36485670160973904252e-02
151	 6.36484853427256719316e-02
152	 6.36485660169047590129e-02
153	 6.36484843615944401174e-02
154	 6.36485650518117812569e-02
155	 6.36484834111900182885e-02
156	 6.36485641144505787103e-02
157	 6.36484824857746767091e-02
158	 6.36485631996422940304e-02
159	 6.36484815806814957506e-02
160	 6.36485623031753794399e-02
161	 6.36484806921156498483e-02
162	 6.36485614216246442520e-02
163	 6.36484798169907189935e-02
164	 6.36485605522046776761e-02
165	 6.36484789527970301615e-02
166	 6.36485596926504859638e-02
167	 6.36484780974930497432e-02
168	 6.36485588411194319614e-02
169	 6.36484772494190359504e-02
170	 6.36485579961134223526e-02
171	 6.36484764072246106403e-02
172	 6.36485571564142232903e-02
173	 6.36484755698120685530e-02
174	 6.36485563210305860249e-02
175	 6.36484747362882075095e-02
176	 6.36485554891566274183e-02
177	 6.36484739059272608408e-02
178	 6.36485546601370938413e-02
179	 6.36484730781382013198e-02
180	 6.36485538334391337534e-02
181	 6.36484722524410517774e-02
182	 6.36485530086288303631e-02
183	 6.36484714284450553423e-02
184	 6.36485521853541180715e-02
185	 6.36484706058327159850e-02
186	 6.36485513633279348378e-02
187	 6.36484697843455599076e-02
188	 6.36485505423173697492e-02
189	 6.36484689637733941359e-02
190	 6.36485497221328938577e-02
191	 6.36484681439452998353e-02
192	 6.36485489026196865625e-02
193	 6.36484673247229432169e-02
194	 6.36485480836530143067e-02
195	 6.36484665059924015207e-02
196	 6.36485472651306116720e-02
197	 6.36484656876622478805e-02
198	 6.36485464469693229539e-02
199	 6.36484648696578059202e-02
200	 6.36485456291019657815e-02
201	 6.36484640519180550067e-02
202	 6.36485448114736396263e-02
203	 6.36484632343936179710e-02
204	 6.36485439940394776004e-02
205	 6.36484624170441937174e-02
206	 6.36485431767634113331e-02
207	 6.36484615998372665890e-02
208	 6.36485423596159782811e-02
209	 6.36484607827461912333e-02
210	 6.36485415425730727268e-02
211	 6.36484599657493876901e-02
212	 6.36485407256151408673e-02
213	 6.36484591488291479022e-02
214	 6.36485399087264036577e-02
215	 6.36484583319711777483e-02
216	 6.36485390918937049554e-02
217	 6.36484575151637643753e-02
218	 6.36485382751068862195e-02
219	 6.36484566983976512988e-02
220	 6.36485374583572877105e-02
221	 6.36484558816651918578e-02
222	 6.36485366416379705345e-02
223	 6.36484550649600161476e-02
224	 6.36485358249432309208e-02
225	 6.36484542482768228533e-02
226	 6.36485350082684336881e-02
227	 6.36484534316118649722e-02
228	 6.36485341916101371451e-02
229	 6.36484526149612844792e-02
230	 6.36485333749648024559e-02
231	 6.36484517983229164395e-02
232	 6.36485325583304589747e-02
233	 6.36484509816942767291e-02
234	 6.36485317417047752331e-02
235	 6.36484501650732142908e-02
236	 6.36485309250860581409e-02
237	 6.36484493484588825796e-02
238	 6.36485301084733917643e-02
239	 6.36484485318497827944e-02
240	 6.36485292918654993466e-02
241	 6.36484477152448741011e-02
242	 6.36485284752612012760e-02
243	 6.36484468986433932214e-02
244	 6.36485276586603310189e-02
245	 6.36484460820446185103e-02
246	 6.36485268420617783525e-02
247	 6.36484452654483001677e-02
248	 6.36485260254653628653e-02
249	 6.36484444488537304263e-02
250	 6.36485252088705572016e-02
251	 6.36484436322607705083e-02
252	 6.36485243922772780945e-02
253	 6.36484428156691567358e-02
254	 6.36485235756849149213e-02
255	 6.36484419990782784859e-02
256	 6.36485227590937036046e-02
257	 6.36484411824884827036e-02
258	 6.36485219425029780105e-02
259	 6.36484403658990893771e-02
260	 6.36485211259129740613e-02
261	 6.36484395493104732067e-02
262	 6.36485203093234974681e-02
263	 6.36484387327223011255e-02
264	 6.36485194927343816973e-02
265	 6.36484379161344066000e-02
266	 6.36485186761456822602e-02
267	 6.36484370995468173859e-02
268	 6.36485178595571771121e-02
269	 6.36484362829597277722e-02
270	 6.36485170429690189087e-02
271	 6.36484354663725687695e-02
272	 6.36485162263810827499e-02
273	 6.36484346497856595670e-02
274	 6.36485154097931188355e-02
275	 6.36484338331990279203e-02
276	 6.36485145932055573770e-02
277	 6.36484330166123823957e-02
278	 6.36485137766179542851e-02
279	 6.36484322000257923824e-02
280	 6.36485129600304760933e-02
281	 6.36484313834394660470e-02
282	 6.36485121434431783127e-02
283	 6.36484305668534033895e-02
284	 6.36485113268560054323e-02
285	 6.36484297502672297098e-02
286	 6.36485105102690545964e-02
287	 6.36484289336813335858e-02
288	 6.36485096936819927382e-02
289	 6.36484281170955762397e-02
290	 6.36485088770952778248e-02
291	 6.36484273005098050158e-02
292	 6.36485080605086739336e-02
293	 6.36484264839243391032e-02
294	 6.36485072439223614760e-02
295	 6.36484256673391368686e-02
296	 6.36485064273362571852e-02
297	 6.36484248507543370899e-02
298	 6.36485056107503610612e-02
299	 6.36484240341696760890e-02
300	 6.36485047941648673930e-02
301	 6.36484232175853759106e-02
302	 6.36485039775798178141e-02
303	 6.36484224010017279882e-02
304	 6.36485031609952539577e-02
305	 6.36484215844183714994e-02
306	 6.36485023444112313351e-02
307	 6.36484207678359309446e-02
308	 6.36485015278282079132e-02
309	 6.36484199512541981569e-02
310	 6.36485007112458922585e-02
311	 6.36484191346734229366e-02
312	 6.36484998946647423379e-02
313	 6.36484183180940632507e-02
314	 6.36484990780851744852e-02
315	 6.36484175015161329769e-02
316	 6.36484982615069944112e-02
317	 6.36484166849401455934e-02
318	 6.36484974449310764166e-02
319	 6.36484158683664896783e-02
320	 6.36484966283577119350e-02
321	 6.36484150517955260540e-02
322	 6.36484958117874283223e-02
323	 6.36484142352281151434e-02
324	 6.36484949952210166124e-02
325	 6.36484134186648536913e-02
326	 6.36484941786590735502e-02
327	 6.36484126021069074319e-02
328	 6.36484933621030146700e-02
329	 6.36484117855550118881e-02
330	 6.36484925455540334616e-02
331	 6.36484109690111377056e-02
332	 6.36484917290134760703e-02
333	 6.36484101524765477631e-02
334	 6.36484909124833964089e-02
335	 6.36484093359533098511e-02
336	 6.36484900959659732900e-02
337	 6.36484085194443383049e-02
338	 6.36484892794640932934e-02
339	 6.36484077029520201041e-02
340	 6.36484884629808372880e-02
341	 6.36484068864806434851e-02
342	 6.36484876465201743212e-02
343	 6.36484060700338999395e-02
344	 6.36484868300870726410e-02
345	 6.36484052536173683379e-02
346	 6.36484860136869168290e-02
347	 6.36484044372370577625e-02
348	 6.36484851973264931235e-02
349	 6.36484036208997960848e-02
350	 6.36484843810131289965e-02
351	 6.36484028046138822221e-02
352	 6.36484835647558727656e-02
353	 6.36484019883886142921e-02
354	 6.36484827485641890821e-02
355	 6.36484011722340120576e-02
356	 6.36484819324487360870e-02
357	 6.36484003561612332600e-02
358	 6.36484811164208380552e-02
359	 6.36483995401812829851e-02
360	 6.36484803004914029279e-02
361	 6.36483987243042503845e-02
362	 6.36484794846695206560e-02
363	 6.36483979085378653862e-02
364	 6.36484786689606174548e-02
365	 6.36483970928841680248e-02
366	 6.36484778533626949226e-02
367	 6.36483962773352618392e-02
368	 6.36484770378608066821e-02
369	 6.36483954618664860003e-02
370	 6.36484762224180655732e-02
371	 6.36483946464250632813e-02
372	 6.36484754069629593554e-02
373	 6.36483938309145014234e-02
374	 6.36484745913683397367e-02
375	 6.36483930151695020960e-02
376	 6.36484737754222096306e-02
377	 6.36483921989174361578e-02
378	 6.36484729587798170325e-02
379	 6.36483913817229851606e-02
380	 6.36484721408957371258e-02
381	 6.36483905629017382433e-02
382	 6.36484713209165414716e-02
383	 6.36483897413896437811e-02
384	 6.36484704975207871147e-02
385	 6.36483889155455145881e-02
386	 6.36484696686702294821e-02
387	 6.36483880828459663848e-02
388	 6.36484688312273783062e-02
389	 6.36483872394173061382e-02
390	 6.36484679803680092336e-02
391	 6.36483863793565057820e-02
392	 6.36484671087931414002e-02
393	 6.36483854940378818155e-02
394	 6.36484662064412815008e-02
395	 6.36483845734993891607e-02
396	 6.36484652663721062194e-02
397	 6.36483836251518081406e-02
398	 6.36484643394293198027e-02
399	 6.36483827862832779454e-02
