0	 9.99999671088513286676e-01	 0.00000000000000000000e+00
1	 7.76080588351776623490e-01	 0.00000000000000000000e+00
2	 6.12636579370276601608e-01	 0.00000000000000000000e+00
3	 4.71850914411398980608e-01	 0.00000000000000000000e+00
4	 4.31230463514256368018e-01	 0.00000000000000000000e+00
5	 3.65678138122954521361e-01	 0.00000000000000000000e+00
6	 3.40228412218096909481e-01	 0.00000000000000000000e+00
7	 3.00630336114699636685e-01	 0.00000000000000000000e+00
8	 2.81364474965393795980e-01	 0.00000000000000000000e+00
9	 2.54205004126670630615e-01	 0.00000000000000000000e+00
10	 2.38733380203968864608e-01	 0.00000000000000000000e+00
11	 2.18700350134084647857e-01	 0.00000000000000000000e+00
12	 2.05875101264307913684e-01	 0.00000000000000000000e+00
13	 1.90344222173292748623e-01	 0.00000000000000000000e+00
14	 1.79458923708927492457e-01	 0.00000000000000000000e+00
15	 1.66964722630387502056e-01	 0.00000000000000000000e+00
16	 1.57561704128405227765e-01	 0.00000000000000000000e+00
17	 1.47226113414716391903e-01	 0.00000000000000000000e+00
18	 1.39002866975465599886e-01	 0.00000000000000000000e+00
19	 1.30273133623213771548e-01	 0.00000000000000000000e+00
20	 1.23023276527922720280e-01	 0.00000000000000000000e+00
21	 1.15536433001911770235e-01	 0.00000000000000000000e+00
22	 1.09112520671991897192e-01	 0.00000000000000000000e+00
23	 1.02620371693631876053e-01	 0.00000000000000000000e+00
24	 9.69113311183021353123e-02	 0.00000000000000000000e+00
25	 9.12371906013143968428e-02	 0.00000000000000000000e+00
26	 8.61549964867214940201e-02	 0.00000000000000000000e+00
27	 8.11680471090982236237e-02	 0.00000000000000000000e+00
28	 7.66399566354245276312e-02	 0.00000000000000000000e+00
29	 7.22397069010286135837e-02	 0.00000000000000000000e+00
30	 6.82037258351683439717e-02	 0.00000000000000000000e+00
31	 6.43104092132488341926e-02	 0.00000000000000000000e+00
32	 6.07126072582082343398e-02	 0.00000000000000000000e+00
33	 5.72611341077196786542e-02	 0.00000000000000000000e+00
34	 5.40539951254109529710e-02	 0.00000000000000000000e+00
35	 5.09900495015430041401e-02	 0.00000000000000000000e+00
36	 4.81313960614515382042e-02	 0.00000000000000000000e+00
37	 4.54088604250226859915e-02	 0.00000000000000000000e+00
38	 4.28611079630207073010e-02	 0.00000000000000000000e+00
39	 4.04403061436589550404e-02	 0.00000000000000000000e+00
40	 3.81698976708884432640e-02	 0.00000000000000000000e+00
41	 3.60163618818523031950e-02	 0.00000000000000000000e+00
42	 3.39933157202478297698e-02	 0.00000000000000000000e+00
43	 3.20768912094473515606e-02	 0.00000000000000000000e+00
44	 3.02744197439999869481e-02	 0.00000000000000000000e+00
45	 2.85685908836245568143e-02	 0.00000000000000000000e+00
46	 2.69627666669595977833e-02	 0.00000000000000000000e+00
47	 2.54441323466638863460e-02	 0.00000000000000000000e+00
48	 2.40135906396333545509e-02	 0.00000000000000000000e+00
49	 2.26614444100056988685e-02	 0.00000000000000000000e+00
50	 2.13871166203850812670e-02	 0.00000000000000000000e+00
51	 2.01831024627161410845e-02	 0.00000000000000000000e+00
52	 1.90479760703518748166e-02	 0.00000000000000000000e+00
53	 1.79758001133796217752e-02	 0.00000000000000000000e+00
54	 1.69647018565662020817e-02	 0.00000000000000000000e+00
55	 1.60098870622432769284e-02	 0.00000000000000000000e+00
56	 1.51092904786116356136e-02	 0.00000000000000000000e+00
57	 1.42589664267575196022e-02	 0.00000000000000000000e+00
58	 1.34568138024668895736e-02	 0.00000000000000000000e+00
59	 1.26995311894706423145e-02	 0.00000000000000000000e+00
60	 1.19850747922495212694e-02	 0.00000000000000000000e+00
61	 1.13106443834897207878e-02	 0.00000000000000000000e+00
62	 1.06743057141689568629e-02	 0.00000000000000000000e+00
63	 1.00736576352059205991e-02	 0.00000000000000000000e+00
64	 9.50690176343677896542e-03	 0.00000000000000000000e+00
65	 8.97196087478151563244e-03	 0.00000000000000000000e+00
66	 8.46718347444679053648e-03	 0.00000000000000000000e+00
67	 7.99076019712451068866e-03	 0.00000000000000000000e+00
68	 7.54118732721451110607e-03	 0.00000000000000000000e+00
69	 7.11687974004593208732e-03	 0.00000000000000000000e+00
70	 6.71647606303872341665e-03	 0.00000000000000000000e+00
71	 6.33858232949384078903e-03	 0.00000000000000000000e+00
72	 5.98197172732303945886e-03	 0.00000000000000000000e+00
73	 5.64541446469692120846e-03	 0.00000000000000000000e+00
74	 5.32780816944995391782e-03	 0.00000000000000000000e+00
75	 5.02806516933250371298e-03	 0.00000000000000000000e+00
76	 4.74519742927373769370e-03	 0.00000000000000000000e+00
77	 4.47824111535047222205e-03	 0.00000000000000000000e+00
78	 4.22631230276563317483e-03	 0.00000000000000000000e+00
79	 3.98855541101817735739e-03	 0.00000000000000000000e+00
80	 3.76418092301837462280e-03	 0.00000000000000000000e+00
81	 3.55242874846476569539e-03	 0.00000000000000000000e+00
82	 3.35259395091548140569e-03	 0.00000000000000000000e+00
83	 3.16400114393407434765e-03	 0.00000000000000000000e+00
84	 2.98602115189344112858e-03	 0.00000000000000000000e+00
85	 2.81805362087929030593e-03	 0.00000000000000000000e+00
86	 2.65953738921469217196e-03	 0.00000000000000000000e+00
87	 2.50993849792488076672e-03	 0.00000000000000000000e+00
88	 2.36875673900644465389e-03	 0.00000000000000000000e+00
89	 2.23551701072541427959e-03	 0.00000000000000000000e+00
90	 2.10977355657275024436e-03	 0.00000000000000000000e+00
91	 1.99110353038532911576e-03	 0.00000000000000000000e+00
92	 1.87910979830826856650e-03	 0.00000000000000000000e+00
93	 1.77341592810436026600e-03	 0.00000000000000000000e+00
94	 1.67366817916184888564e-03	 0.00000000000000000000e+00
95	 1.57953135046235999123e-03	 0.00000000000000000000e+00
96	 1.49069040924048202418e-03	 0.00000000000000000000e+00
97	 1.40684679046480993515e-03	 0.00000000000000000000e+00
98	 1.32771994885020521229e-03	 0.00000000000000000000e+00
99	 1.25304393284299806811e-03	 0.00000000000000000000e+00
100	 1.18256898361170136383e-03	 0.00000000000000000000e+00
101	 1.11605829976987240386e-03	 0.00000000000000000000e+00
102	 1.05328946958512404547e-03	 0.00000000000000000000e+00
103	 9.94051513251444085473e-04	 0.00000000000000000000e+00
104	 9.38146340166452568331e-04	 0.00000000000000000000e+00
105	 8.85385891426564218369e-04	 0.00000000000000000000e+00
106	 8.35593851784053047622e-04	 0.00000000000000000000e+00
107	 7.88602663368697981601e-04	 0.00000000000000000000e+00
108	 7.44255350582751829848e-04	 0.00000000000000000000e+00
109	 7.02402546385326388874e-04	 0.00000000000000000000e+00
110	 6.62904566592112279126e-04	 0.00000000000000000000e+00
111	 6.25628317239849442155e-04	 0.00000000000000000000e+00
112	 5.90449460332657352808e-04	 0.00000000000000000000e+00
113	 5.57249291267274409097e-04	 0.00000000000000000000e+00
114	 5.25917139445382635782e-04	 0.00000000000000000000e+00
115	 4.96347078657789438950e-04	 0.00000000000000000000e+00
116	 4.68440777417528173964e-04	 0.00000000000000000000e+00
117	 4.42103813944946279213e-04	 0.00000000000000000000e+00
118	 4.17248671194474566020e-04	 0.00000000000000000000e+00
119	 3.93790933928017260375e-04	 0.00000000000000000000e+00
120	 3.71652899848341224630e-04	 0.00000000000000000000e+00
121	 3.50759365758955641429e-04	 0.00000000000000000000e+00
122	 3.31041153182275095946e-04	 0.00000000000000000000e+00
123	 3.12431210020225878267e-04	 0.00000000000000000000e+00
124	 2.94868080320861503454e-04	 0.00000000000000000000e+00
125	 2.78291704752668450553e-04	 0.00000000000000000000e+00
126	 2.62647556273452236018e-04	 0.00000000000000000000e+00
127	 2.47881922946901990176e-04	 0.00000000000000000000e+00
